geography,geographic_area_name,total_population,agesex_male_total,agesex_female_total,agesex_male_kids,agesex_male_adults,agesex_female_kids,agesex_female_adults,agesex_kid_total,agesex_adult_total,income_total_population_determined,income_low_income,income_high_income,income_unknown_income,race_total_population_determined,race_black-african_american,race_hispanic-latino,race_white,race_other_race,race_unknown_race
0500000US01001,"Autauga County, Alabama",58239,28206,30033,7461,20745,7516,22517,14977,43262,57790,16266,41524,449,57790,11374,1765,42244,2407,449
0500000US01003,"Baldwin County, Alabama",227131,110781,116350,27590,83191,26383,89967,53973,173158,223772,51560,172212,3359,223772,19109,10066,185712,8885,3359
0500000US01005,"Barbour County, Alabama",25259,13361,11898,2977,10384,2853,9045,5830,19429,22250,10479,11771,3009,22250,10262,1009,10271,708,3009
0500000US01007,"Bibb County, Alabama",22412,12300,10112,2804,9496,2359,7753,5163,17249,21000,8006,12994,1412,21000,4232,603,16018,147,1412
0500000US01009,"Blount County, Alabama",58884,29530,29354,7789,21741,7041,22313,14830,44054,58323,17464,40859,561,58323,621,5599,50190,1913,561
0500000US01011,"Bullock County, Alabama",10386,5658,4728,1672,3986,1268,3460,2940,7446,9908,5288,4620,478,9908,6840,880,1986,202,478
0500000US01013,"Butler County, Alabama",19181,8974,10207,2487,6487,2271,7936,4758,14423,18870,7196,11674,311,18870,8537,308,9534,491,311
0500000US01015,"Calhoun County, Alabama",116425,56079,60346,14627,41452,14190,46156,28817,87608,113294,40384,72910,3131,113294,24078,4555,81173,3488,3131
0500000US01017,"Chambers County, Alabama",34834,16725,18109,3920,12805,4000,14109,7920,26914,34350,13364,20986,484,34350,13801,932,18818,799,484
0500000US01019,"Cherokee County, Alabama",24975,12352,12623,2720,9632,2628,9995,5348,19627,24597,9075,15522,378,24597,1108,432,22476,581,378
0500000US01021,"Chilton County, Alabama",44857,21876,22981,5714,16162,5960,17021,11674,33183,44200,15827,28373,657,44200,3895,3423,35115,1767,657
0500000US01023,"Choctaw County, Alabama",12792,6098,6694,1544,4554,1421,5273,2965,9827,12603,4956,7647,189,12603,5231,130,7096,146,189
0500000US01025,"Clarke County, Alabama",23346,11142,12204,2896,8246,2882,9322,5778,17568,22989,9223,13766,357,22989,10479,326,11803,381,357
0500000US01027,"Clay County, Alabama",14184,6985,7199,1716,5269,1716,5483,3432,10752,13931,5217,8714,253,13931,1842,443,11199,447,253
0500000US01029,"Cleburne County, Alabama",15046,7368,7678,1917,5451,1801,5877,3718,11328,14888,5261,9627,158,14888,365,385,13789,349,158
0500000US01031,"Coffee County, Alabama",53043,26357,26686,7221,19136,6650,20036,13871,39172,52320,16403,35917,723,52320,8812,4265,36179,3064,723
0500000US01033,"Colbert County, Alabama",56789,27602,29187,6991,20611,6308,22879,13299,43490,56225,17176,39049,564,56225,9226,1750,43692,1557,564
0500000US01035,"Conecuh County, Alabama",11778,5751,6027,1533,4218,1204,4823,2737,9041,11736,5008,6728,42,11736,5635,16,5897,188,42
0500000US01037,"Coosa County, Alabama",10442,5426,5016,1193,4233,687,4329,1880,8562,10065,3231,6834,377,10065,3031,274,6506,254,377
0500000US01039,"Covington County, Alabama",37490,18264,19226,4837,13427,4290,14936,9127,28363,36814,13636,23178,676,36814,4380,693,30648,1093,676
0500000US01041,"Crenshaw County, Alabama",13300,6458,6842,1630,4828,1646,5196,3276,10024,13060,4890,8170,240,13060,3232,111,9131,586,240
0500000US01043,"Cullman County, Alabama",87129,43137,43992,11108,32029,10663,33329,21771,65358,86090,27176,58914,1039,86090,840,3916,78518,2816,1039
0500000US01045,"Dale County, Alabama",49443,24632,24811,6516,18116,6039,18772,12555,36888,47886,16838,31048,1557,47886,9979,3186,32587,2134,1557
0500000US01047,"Dallas County, Alabama",39162,18136,21026,5390,12746,5144,15882,10534,28628,38572,17930,20642,590,38572,27768,52,10282,470,590
0500000US01049,"DeKalb County, Alabama",71554,35626,35928,9832,25794,9264,26664,19096,52458,70605,30814,39791,949,70605,978,10825,56189,2613,949
0500000US01051,"Elmore County, Alabama",87146,42451,44695,11431,31020,10234,34461,21665,65481,82377,19669,62708,4769,82377,15870,2575,61431,2501,4769
0500000US01053,"Escambia County, Alabama",36879,18864,18015,4744,14120,4686,13329,9430,27449,33973,15620,18353,2906,33973,9833,840,20992,2308,2906
0500000US01055,"Etowah County, Alabama",103468,50109,53359,12632,37477,11971,41388,24603,78865,102264,35848,66416,1204,102264,15641,4396,79036,3191,1204
0500000US01057,"Fayette County, Alabama",16365,8141,8224,2146,5995,1817,6407,3963,12402,16091,6677,9414,274,16091,2029,79,13536,447,274
0500000US01059,"Franklin County, Alabama",32034,15892,16142,4584,11308,4347,11795,8931,23103,31660,12987,18673,374,31660,1374,5784,23981,521,374
0500000US01061,"Geneva County, Alabama",26604,13083,13521,3387,9696,3139,10382,6526,20078,26318,10840,15478,286,26318,2501,1134,21463,1220,286
0500000US01063,"Greene County, Alabama",7851,3773,4078,904,2869,956,3122,1860,5991,7737,4428,3309,114,7737,6131,201,1340,65,114
0500000US01065,"Hale County, Alabama",14819,7070,7749,2054,5016,1817,5932,3871,10948,14567,6827,7740,252,14567,8643,11,5526,387,252
0500000US01067,"Henry County, Alabama",17165,8195,8970,1931,6264,2114,6856,4045,13120,16673,5488,11185,492,16673,4402,415,11585,271,492
0500000US01069,"Houston County, Alabama",106355,51243,55112,13950,37293,12926,42186,26876,79479,105201,37385,67816,1154,105201,28681,3686,68695,4139,1154
0500000US01071,"Jackson County, Alabama",52548,25952,26596,6286,19666,5802,20794,12088,40460,52009,21387,30622,539,52009,1799,1626,46278,2306,539
0500000US01073,"Jefferson County, Alabama",672550,319422,353128,87056,232366,84782,268346,171838,500712,657834,202556,455278,14716,657834,282512,26832,323053,25437,14716
0500000US01075,"Lamar County, Alabama",13929,6913,7016,1758,5155,1516,5500,3274,10655,13726,4896,8830,203,13726,1489,143,11843,251,203
0500000US01077,"Lauderdale County, Alabama",93342,45052,48290,10818,34234,10513,37777,21331,72011,91443,28084,63359,1899,91443,9040,2586,76912,2905,1899
0500000US01079,"Lawrence County, Alabama",33089,16031,17058,3927,12104,3975,13083,7902,25187,32761,10824,21937,328,32761,3352,797,24996,3616,328
0500000US01081,"Lee County, Alabama",172223,85087,87136,22781,62306,22393,64743,45174,127049,166054,58156,107898,6169,166054,36630,6373,111708,11343,6169
0500000US01083,"Limestone County, Alabama",101217,50760,50457,12357,38403,12507,37950,24864,76353,97894,23291,74603,3323,97894,11962,6111,74621,5200,3323
0500000US01085,"Lowndes County, Alabama",10334,4966,5368,1394,3572,1150,4218,2544,7790,10171,5124,5047,163,10171,7628,16,2510,17,163
0500000US01087,"Macon County, Alabama",19490,8967,10523,2335,6632,2336,8187,4671,14819,17112,6921,10191,2378,17112,13963,43,2743,363,2378
0500000US01089,"Madison County, Alabama",382149,187919,194230,48014,139905,46208,148022,94222,287927,372128,85818,286310,10021,372128,88037,19457,240606,24028,10021
0500000US01091,"Marengo County, Alabama",19397,9328,10069,2647,6681,2360,7709,5007,14390,19170,8674,10496,227,19170,9824,522,8575,249,227
0500000US01093,"Marion County, Alabama",29392,14630,14762,3607,11023,3276,11486,6883,22509,28908,11434,17474,484,28908,1040,771,26358,739,484
0500000US01095,"Marshall County, Alabama",97179,48293,48886,13966,34327,13034,35852,27000,70179,95947,34012,61935,1232,95947,2653,14178,76645,2471,1232
0500000US01097,"Mobile County, Alabama",414620,198400,216220,54686,143714,53230,162990,107916,306704,408140,147720,260420,6480,408140,147058,12110,229410,19562,6480
0500000US01099,"Monroe County, Alabama",20115,9620,10495,2476,7144,2617,7878,5093,15022,19875,8505,11370,240,19875,8402,73,10683,717,240
0500000US01101,"Montgomery County, Alabama",229072,108382,120690,30878,77504,29728,90962,60606,168466,221128,78946,142182,7944,221128,129144,8015,71937,12032,7944
0500000US01103,"Morgan County, Alabama",122608,60653,61955,15910,44743,15036,46919,30946,91662,120432,38429,82003,2176,120432,15423,10483,90207,4319,2176
0500000US01105,"Perry County, Alabama",8702,4012,4690,1181,2831,1374,3316,2555,6147,7898,4467,3431,804,7898,5845,70,2045,-62,804
0500000US01107,"Pickens County, Alabama",19240,9190,10050,2081,7109,2064,7986,4145,15095,17568,7193,10375,1672,17568,7412,230,9709,217,1672
0500000US01109,"Pike County, Alabama",33176,15919,17257,4086,11833,4174,13083,8260,24916,31414,12737,18677,1762,31414,11435,756,17563,1660,1762
0500000US01111,"Randolph County, Alabama",21984,10757,11227,2794,7963,2533,8694,5327,16657,21442,7992,13450,542,21442,3893,613,16169,767,542
0500000US01113,"Russell County, Alabama",58695,28352,30343,7912,20440,7538,22805,15450,43245,57811,22182,35629,884,57811,25848,3349,25718,2896,884
0500000US01115,"St. Clair County, Alabama",90412,45224,45188,11599,33625,10758,34430,22357,68055,88343,22015,66328,2069,88343,7443,2234,76154,2512,2069
0500000US01117,"Shelby County, Alabama",220780,107228,113552,28928,78300,28094,85458,57022,163758,217555,36448,181107,3225,217555,27001,12646,166952,10956,3225
0500000US01119,"Sumter County, Alabama",12482,5749,6733,1448,4301,1690,5043,3138,9344,11650,5929,5721,832,11650,8540,152,2802,156,832
0500000US01121,"Talladega County, Alabama",81850,39597,42253,9493,30104,9803,32450,19296,62554,78167,31060,47107,3683,78167,24607,1754,49294,2512,3683
0500000US01123,"Tallapoosa County, Alabama",41284,20182,21102,5139,15043,4551,16551,9690,31594,40707,14381,26326,577,40707,10988,1002,28072,645,577
0500000US01125,"Tuscaloosa County, Alabama",223945,108405,115540,29438,78967,29103,86437,58541,165404,213541,68340,145201,10404,213541,69890,8304,128608,6739,10404
0500000US01127,"Walker County, Alabama",65194,32270,32924,8461,23809,7535,25389,15996,49198,63885,23897,39988,1309,63885,3615,1707,56136,2427,1309
0500000US01129,"Washington County, Alabama",15574,8017,7557,2001,6016,1652,5905,3653,11921,15441,6229,9212,133,15441,3672,164,10044,1561,133
0500000US01131,"Wilcox County, Alabama",10686,4956,5730,1333,3623,1538,4192,2871,7815,10447,5319,5128,239,10447,7416,55,2775,201,239
0500000US01133,"Winston County, Alabama",23650,11825,11825,2770,9055,2503,9322,5273,18377,23263,9468,13795,387,23263,203,744,21693,623,387
0500000US02013,"Aleutians East Borough, Alaska",3409,2014,1395,292,1722,242,1153,534,2875,3395,1054,2341,14,3395,69,358,434,2534,14
0500000US02016,"Aleutians West Census Area, Alaska",5251,2995,2256,470,2525,319,1937,789,4462,4973,783,4190,278,4973,160,481,1015,3317,278
0500000US02020,"Anchorage Municipality, Alaska",292545,149648,142897,40311,109337,37715,105182,78026,214519,286144,56849,229295,6401,286144,15056,27150,160735,83203,6401
0500000US02050,"Bethel Census Area, Alaska",18514,9724,8790,3714,6010,3447,5343,7161,11353,18166,9497,8669,348,18166,166,381,1665,15954,348
0500000US02060,"Bristol Bay Borough, Alaska",849,480,369,88,392,79,290,167,682,825,116,709,24,825,0,103,348,374,24
0500000US02063,"Chugach Census Area, Alaska",7015,3641,3374,987,2654,874,2500,1861,5154,6912,1049,5863,103,6912,98,407,4934,1473,103
0500000US02066,"Copper River Census Area, Alaska",2635,1374,1261,268,1106,416,845,684,1951,2619,800,1819,16,2619,3,128,1518,970,16
0500000US02068,"Denali Borough, Alaska",2187,1168,1019,108,1060,155,864,263,1924,2126,714,1412,61,2126,15,7,1704,400,61
0500000US02070,"Dillingham Census Area, Alaska",4899,2533,2366,844,1689,840,1526,1684,3215,4855,2081,2774,44,4855,65,160,696,3934,44
0500000US02090,"Fairbanks North Star Borough, Alaska",97149,52667,44482,13741,38926,12406,32076,26147,71002,93048,17576,75472,4101,93048,3777,7574,64046,17651,4101
0500000US02100,"Haines Borough, Alaska",2098,1120,978,307,813,356,622,663,1435,2072,635,1437,26,2072,0,138,1669,265,26
0500000US02105,"Hoonah-Angoon Census Area, Alaska",2327,1310,1017,138,1172,184,833,322,2005,2326,648,1678,1,2326,45,230,1032,1019,1
0500000US02110,"Juneau City and Borough, Alaska",32240,16412,15828,3764,12648,3771,12057,7535,24705,31813,4907,26906,427,31813,288,2229,19961,9335,427
0500000US02122,"Kenai Peninsula Borough, Alaska",58711,30695,28016,7407,23288,7055,20961,14462,44249,57538,14313,43225,1173,57538,312,2525,45537,9164,1173
0500000US02130,"Ketchikan Gateway Borough, Alaska",13939,7191,6748,1700,5491,1620,5128,3320,10619,13778,2824,10954,161,13778,109,778,8602,4289,161
0500000US02150,"Kodiak Island Borough, Alaska",13218,6967,6251,1882,5085,1701,4550,3583,9635,12960,2668,10292,258,12960,111,1149,6108,5592,258
0500000US02158,"Kusilvak Census Area, Alaska",8354,4545,3809,1949,2596,1727,2082,3676,4678,8274,5541,2733,80,8274,0,86,268,7920,80
0500000US02164,"Lake and Peninsula Borough, Alaska",986,450,536,136,314,152,384,288,698,974,362,612,12,974,22,1,232,719,12
0500000US02170,"Matanuska-Susitna Borough, Alaska",106807,55662,51145,16015,39647,14994,36151,31009,75798,104517,22988,81529,2290,104517,1280,5651,81872,15714,2290
0500000US02180,"Nome Census Area, Alaska",10070,5269,4801,1903,3366,1858,2943,3761,6309,9685,4372,5313,385,9685,86,196,1357,8046,385
0500000US02185,"North Slope Borough, Alaska",10865,6466,4399,1670,4796,1563,2836,3233,7632,10668,2173,8495,197,10668,91,350,3052,7175,197
0500000US02188,"Northwest Arctic Borough, Alaska",7776,4184,3592,1562,2622,1430,2162,2992,4784,7706,3313,4393,70,7706,87,197,788,6634,70
0500000US02195,"Petersburg Borough, Alaska",3368,1744,1624,359,1385,313,1311,672,2696,3355,555,2800,13,3355,34,191,2036,1094,13
0500000US02198,"Prince of Wales-Hyder Census Area, Alaska",5886,3240,2646,762,2478,678,1968,1440,4446,5833,1965,3868,53,5833,16,217,2618,2982,53
0500000US02220,"Sitka City and Borough, Alaska",8518,4403,4115,1053,3350,906,3209,1959,6559,8335,1285,7050,183,8335,48,591,5116,2580,183
0500000US02230,"Skagway Municipality, Alaska",1329,667,662,93,574,127,535,220,1109,1329,190,1139,0,1329,39,50,981,259,0
0500000US02240,"Southeast Fairbanks Census Area, Alaska",6849,3777,3072,1008,2769,1035,2037,2043,4806,6776,1892,4884,73,6776,73,481,4876,1346,73
0500000US02275,"Wrangell City and Borough, Alaska",2162,1224,938,288,936,234,704,522,1640,2141,632,1509,21,2141,2,107,1219,813,21
0500000US02282,"Yakutat City and Borough, Alaska",562,340,222,66,274,70,152,136,426,562,160,402,0,562,18,63,171,310,0
0500000US02290,"Yukon-Koyukuk Census Area, Alaska",5433,2839,2594,799,2040,838,1756,1637,3796,5381,2350,3031,52,5381,4,149,1128,4100,52
0500000US04001,"Apache County, Arizona",66473,33039,33434,9948,23091,10064,23370,20012,46461,65161,36492,28669,1312,65161,268,4254,11456,49183,1312
0500000US04003,"Cochise County, Arizona",125092,63798,61294,15446,48352,14725,46569,30171,94921,118514,39570,78944,6578,118514,3973,42600,64378,7563,6578
0500000US04005,"Coconino County, Arizona",144942,71532,73410,19452,52080,21848,51562,41300,103642,131883,46161,85722,13059,131883,1397,18373,68950,43163,13059
0500000US04007,"Gila County, Arizona",53211,26544,26667,5923,20621,5522,21145,11445,41766,52130,19351,32779,1081,52130,341,9792,32129,9868,1081
0500000US04009,"Graham County, Arizona",38145,20440,17705,5807,14633,5522,12183,11329,26816,34754,13596,21158,3391,34754,350,11242,18033,5129,3391
0500000US04011,"Greenlee County, Arizona",9542,5102,4440,1603,3499,1272,3168,2875,6667,9479,1954,7525,63,9479,183,4545,4311,440,63
0500000US04012,"La Paz County, Arizona",16845,8720,8125,1598,7122,1321,6804,2919,13926,16499,6872,9627,346,16499,98,4699,9269,2433,346
0500000US04013,"Maricopa County, Arizona",4367186,2170150,2197036,589561,1580589,563249,1633787,1152810,3214376,4308734,1115409,3193325,58452,4308734,239623,1359866,2318930,390315,58452
0500000US04015,"Mohave County, Arizona",211274,107156,104118,20216,86940,19341,84777,39557,171717,207762,72326,135436,3512,207762,1942,35533,158174,12113,3512
0500000US04017,"Navajo County, Arizona",106609,53814,52795,15973,37841,15150,37645,31123,75486,103723,48959,54764,2886,103723,737,11342,43457,48187,2886
0500000US04019,"Pima County, Arizona",1035063,511719,523344,126110,385609,121211,402133,247321,787742,1007434,317708,689726,27629,1007434,32825,384512,508857,81240,27629
0500000US04021,"Pinal County, Arizona",420625,219238,201387,53499,165739,50785,150602,104284,316341,397347,110434,286913,23278,397347,16161,120079,225474,35633,23278
0500000US04023,"Santa Cruz County, Arizona",47463,22766,24697,7026,15740,7198,17499,14224,33239,47204,21431,25773,259,47204,191,39456,6965,592,259
0500000US04025,"Yavapai County, Arizona",233789,114965,118824,22084,92881,20462,98362,42546,191243,229192,66130,163062,4597,229192,1333,34362,182394,11103,4597
0500000US04027,"Yuma County, Arizona",202944,104912,98032,29380,75532,28044,69988,57424,145520,196465,80307,116158,6479,196465,3432,128796,57772,6465,6479
0500000US05001,"Arkansas County, Arkansas",17273,8491,8782,2386,6105,1995,6787,4381,12892,16997,5403,11594,276,16997,4385,629,11659,324,276
0500000US05003,"Ashley County, Arkansas",19362,9416,9946,2495,6921,2319,7627,4814,14548,19217,8454,10763,145,19217,4807,1136,12998,276,145
0500000US05005,"Baxter County, Arkansas",41476,20294,21182,4338,15956,3800,17382,8138,33338,41023,15499,25524,453,41023,95,1061,38049,1818,453
0500000US05007,"Benton County, Arkansas",278774,139609,139165,41170,98439,38779,100386,79949,198825,275459,60486,214973,3315,275459,4796,47344,186204,37115,3315
0500000US05009,"Boone County, Arkansas",37445,18521,18924,4863,13658,4448,14476,9311,28134,36840,13186,23654,605,36840,44,1004,34442,1350,605
0500000US05011,"Bradley County, Arkansas",10597,5026,5571,1397,3629,1508,4063,2905,7692,10503,4228,6275,94,10503,2767,1686,5747,303,94
0500000US05013,"Calhoun County, Arkansas",4811,2448,2363,574,1874,508,1855,1082,3729,4687,1325,3362,124,4687,1062,215,3372,38,124
0500000US05015,"Carroll County, Arkansas",28154,14199,13955,3843,10356,3170,10785,7013,21141,27856,9558,18298,298,27856,124,4321,21236,2175,298
0500000US05017,"Chicot County, Arkansas",10405,5211,5194,1315,3896,1281,3913,2596,7809,9786,5273,4513,619,9786,5373,613,3664,136,619
0500000US05019,"Clark County, Arkansas",21569,10227,11342,2806,7421,2958,8384,5764,15805,19279,7764,11515,2290,19279,4786,937,13105,451,2290
0500000US05021,"Clay County, Arkansas",14661,7082,7579,1696,5386,1849,5730,3545,11116,14527,5807,8720,134,14527,62,113,13723,629,134
0500000US05023,"Cleburne County, Arkansas",24848,12429,12419,2708,9721,2524,9895,5232,19616,24543,8542,16001,305,24543,37,643,22929,934,305
0500000US05025,"Cleveland County, Arkansas",7632,3542,4090,801,2741,953,3137,1754,5878,7554,2634,4920,78,7554,1089,0,6367,98,78
0500000US05027,"Columbia County, Arkansas",22947,11158,11789,3087,8071,3224,8565,6311,16636,21137,8912,12225,1810,21137,7445,547,12728,417,1810
0500000US05029,"Conway County, Arkansas",20687,10264,10423,2765,7499,2446,7977,5211,15476,20565,8176,12389,122,20565,2128,870,16682,885,122
0500000US05031,"Craighead County, Arkansas",109875,53655,56220,16300,37355,15041,41179,31341,78534,106022,36897,69125,3853,106022,16570,5666,78641,5145,3853
0500000US05033,"Crawford County, Arkansas",60483,29880,30603,8318,21562,7924,22679,16242,44241,59567,21195,38372,916,59567,735,4960,49608,4264,916
0500000US05035,"Crittenden County, Arkansas",48338,23094,25244,7387,15707,7054,18190,14441,33897,47618,19844,27774,720,47618,23702,1375,19207,3334,720
0500000US05037,"Cross County, Arkansas",16935,8176,8759,2289,5887,2171,6588,4460,12475,16694,6557,10137,241,16694,2643,357,12052,1642,241
0500000US05039,"Dallas County, Arkansas",6645,3219,3426,823,2396,850,2576,1673,4972,6007,2032,3975,638,6007,2739,27,3104,137,638
0500000US05041,"Desha County, Arkansas",11530,5374,6156,1564,3810,1631,4525,3195,8335,11447,5722,5725,83,11447,5515,768,5029,135,83
0500000US05043,"Drew County, Arkansas",17511,8433,9078,2367,6066,2339,6739,4706,12805,16544,6842,9702,967,16544,4569,632,11026,317,967
0500000US05045,"Faulkner County, Arkansas",123191,60286,62905,16805,43481,16356,46549,33161,90030,118237,38617,79620,4954,118237,13563,5066,93981,5627,4954
0500000US05047,"Franklin County, Arkansas",17159,8486,8673,2334,6152,2046,6627,4380,12779,16890,7311,9579,269,16890,63,585,15210,1032,269
0500000US05049,"Fulton County, Arkansas",12072,5915,6157,1367,4548,1458,4699,2825,9247,11892,5587,6305,180,11892,30,48,11101,713,180
0500000US05051,"Garland County, Arkansas",99694,48107,51587,11384,36723,10864,40723,22248,77446,98150,33927,64223,1544,98150,7975,5909,79780,4486,1544
0500000US05053,"Grant County, Arkansas",17912,8973,8939,2377,6596,2077,6862,4454,13458,17669,4862,12807,243,17669,374,540,16185,570,243
0500000US05055,"Greene County, Arkansas",45665,22592,23073,6287,16305,5913,17160,12200,33465,44755,16098,28657,910,44755,1030,1294,41039,1392,910
0500000US05057,"Hempstead County, Arkansas",20352,9544,10808,2575,6969,2938,7870,5513,14839,20090,8387,11703,262,20090,6086,2699,10796,509,262
0500000US05059,"Hot Spring County, Arkansas",33096,17364,15732,4258,13106,3532,12200,7790,25306,30929,11449,19480,2167,30929,2833,1135,26066,895,2167
0500000US05061,"Howard County, Arkansas",12894,6187,6707,1826,4361,1923,4784,3749,9145,12724,5377,7347,170,12724,2592,1705,8036,391,170
0500000US05063,"Independence County, Arkansas",37796,18743,19053,5107,13636,4928,14125,10035,27761,36789,13745,23044,1007,36789,583,2532,31429,2245,1007
0500000US05065,"Izard County, Arkansas",13653,7149,6504,1378,5771,1379,5125,2757,10896,12645,5437,7208,1008,12645,1,303,11807,534,1008
0500000US05067,"Jackson County, Arkansas",16878,8391,8487,1856,6535,1897,6590,3753,13125,14710,6520,8190,2168,14710,1338,452,11332,1588,2168
0500000US05069,"Jefferson County, Arkansas",68199,33917,34282,8824,25093,8453,25829,17277,50922,62225,24482,37743,5974,62225,35380,1395,22994,2456,5974
0500000US05071,"Johnson County, Arkansas",25853,12872,12981,3684,9188,3564,9417,7248,18605,25160,12024,13136,693,25160,332,3586,19728,1514,693
0500000US05073,"Lafayette County, Arkansas",6373,3278,3095,868,2410,490,2605,1358,5015,6230,3186,3044,143,6230,2215,201,3584,230,143
0500000US05075,"Lawrence County, Arkansas",16292,8156,8136,2193,5963,1952,6184,4145,12147,15786,6614,9172,506,15786,136,268,14801,581,506
0500000US05077,"Lee County, Arkansas",8832,5025,3807,945,4080,1063,2744,2008,6824,7320,3775,3545,1512,7320,4023,188,2962,147,1512
0500000US05079,"Lincoln County, Arkansas",13092,8280,4812,1236,7044,1124,3688,2360,10732,8330,2834,5496,4762,8330,1403,311,6427,189,4762
0500000US05081,"Little River County, Arkansas",12104,5940,6164,1694,4246,1332,4832,3026,9078,11881,3772,8109,223,11881,2356,212,8667,646,223
0500000US05083,"Logan County, Arkansas",21299,10492,10807,2575,7917,2498,8309,5073,16226,20991,7961,13030,308,20991,276,642,18659,1414,308
0500000US05085,"Lonoke County, Arkansas",73824,36507,37317,10660,25847,9856,27461,20516,53308,73066,19674,53392,758,73066,3983,3445,62235,3403,758
0500000US05087,"Madison County, Arkansas",16496,8440,8056,2136,6304,2060,5996,4196,12300,16382,5664,10718,114,16382,0,994,13614,1774,114
0500000US05089,"Marion County, Arkansas",16750,8252,8498,1671,6581,1662,6836,3333,13417,16586,6853,9733,164,16586,122,397,15465,602,164
0500000US05091,"Miller County, Arkansas",42875,21283,21592,5884,15399,5389,16203,11273,31602,41571,16301,25270,1304,41571,10548,1497,28198,1328,1304
0500000US05093,"Mississippi County, Arkansas",41061,20165,20896,6052,14113,5715,15181,11767,29294,40003,16981,23022,1058,40003,14069,1848,22829,1257,1058
0500000US05095,"Monroe County, Arkansas",6903,3320,3583,972,2348,708,2875,1680,5223,6812,2524,4288,91,6812,2920,24,3688,180,91
0500000US05097,"Montgomery County, Arkansas",8525,4305,4220,937,3368,764,3456,1701,6824,8397,3608,4789,128,8397,28,381,7611,377,128
0500000US05099,"Nevada County, Arkansas",8340,4155,4185,1280,2875,926,3259,2206,6134,8164,3634,4530,176,8164,2919,1,5085,159,176
0500000US05101,"Newton County, Arkansas",7343,3655,3688,745,2910,885,2803,1630,5713,7288,2511,4777,55,7288,0,83,6730,475,55
0500000US05103,"Ouachita County, Arkansas",22858,11183,11675,3053,8130,2560,9115,5613,17245,22482,9191,13291,376,22482,9461,560,12316,145,376
0500000US05105,"Perry County, Arkansas",10056,5110,4946,1322,3788,1158,3788,2480,7576,9957,3467,6490,99,9957,210,299,9139,309,99
0500000US05107,"Phillips County, Arkansas",16923,7865,9058,2404,5461,2427,6631,4831,12092,16807,8655,8152,116,16807,10765,342,5680,20,116
0500000US05109,"Pike County, Arkansas",10234,5062,5172,1252,3810,1218,3954,2470,7764,10051,3604,6447,183,10051,371,676,8612,392,183
0500000US05111,"Poinsett County, Arkansas",23212,11363,11849,3241,8122,2943,8906,6184,17028,22697,9686,13011,515,22697,925,772,19406,1594,515
0500000US05113,"Polk County, Arkansas",19476,9534,9942,2476,7058,2467,7475,4943,14533,19211,8063,11148,265,19211,55,1287,16752,1117,265
0500000US05115,"Pope County, Arkansas",63234,31348,31886,8669,22679,8588,23298,17257,45977,59964,24217,35747,3270,59964,1274,5824,49996,2870,3270
0500000US05117,"Prairie County, Arkansas",8306,4196,4110,1087,3109,796,3314,1883,6423,8079,2525,5554,227,8079,855,159,6820,245,227
0500000US05119,"Pulaski County, Arkansas",397931,190629,207302,51848,138781,49804,157498,101652,296279,391464,130883,260581,6467,391464,146036,24434,199669,21325,6467
0500000US05121,"Randolph County, Arkansas",18442,9340,9102,2580,6760,2277,6825,4857,13585,18032,7738,10294,410,18032,115,443,16443,1031,410
0500000US05123,"St. Francis County, Arkansas",23623,13250,10373,3143,10107,2524,7849,5667,17956,20545,10622,9923,3078,20545,11035,1019,8082,409,3078
0500000US05125,"Saline County, Arkansas",122308,60066,62242,15967,44099,15164,47078,31131,91177,120872,28454,92418,1436,120872,9656,6348,100100,4768,1436
0500000US05127,"Scott County, Arkansas",9928,5302,4626,1520,3782,1010,3616,2530,7398,9867,3940,5927,61,9867,291,794,8258,524,61
0500000US05129,"Searcy County, Arkansas",7872,3990,3882,871,3119,821,3061,1692,6180,7777,3506,4271,95,7777,0,220,7017,540,95
0500000US05131,"Sebastian County, Arkansas",127941,62886,65055,17151,45735,16703,48352,33854,94087,126057,47729,78328,1884,126057,7550,18770,86307,13430,1884
0500000US05133,"Sevier County, Arkansas",16074,8056,8018,2562,5494,2462,5556,5024,11050,15890,6935,8955,184,15890,453,5397,8879,1161,184
0500000US05135,"Sharp County, Arkansas",17243,8537,8706,2077,6460,1912,6794,3989,13254,16975,8051,8924,268,16975,155,423,15520,877,268
0500000US05137,"Stone County, Arkansas",12364,6098,6266,1310,4788,1288,4978,2598,9766,12271,6523,5748,93,12271,6,236,11237,792,93
0500000US05139,"Union County, Arkansas",39262,19105,20157,5263,13842,5126,15031,10389,28873,38894,14510,24384,368,38894,12789,1586,23488,1031,368
0500000US05141,"Van Buren County, Arkansas",15851,7831,8020,1757,6074,1652,6368,3409,12442,15671,6828,8843,180,15671,115,527,14499,530,180
0500000US05143,"Washington County, Arkansas",242793,122040,120753,35378,86662,33711,87042,69089,173704,234846,78868,155978,7947,234846,7302,41584,158041,27919,7947
0500000US05145,"White County, Arkansas",77075,37713,39362,10601,27112,10169,29193,20770,56305,73527,29552,43975,3548,73527,3169,3406,63768,3184,3548
0500000US05147,"Woodruff County, Arkansas",6333,3063,3270,876,2187,716,2554,1592,4741,6126,2440,3686,207,6126,1765,30,4226,105,207
0500000US05149,"Yell County, Arkansas",20489,10426,10063,2794,7632,2582,7481,5376,15113,20129,7716,12413,360,20129,325,4219,14960,625,360
0500000US06001,"Alameda County, California",1673133,827556,845577,195775,631781,187717,657860,383492,1289641,1646476,293390,1353086,26657,1646476,166864,367352,491799,620461,26657
0500000US06003,"Alpine County, California",1344,731,613,180,551,158,455,338,1006,1344,329,1015,0,1344,8,197,730,409,0
0500000US06005,"Amador County, California",40095,21960,18135,3689,18271,3197,14938,6886,33209,36573,7018,29555,3522,36573,133,4697,28970,2773,3522
0500000US06007,"Butte County, California",217884,108168,109716,26531,81637,25769,83947,52300,165584,212593,73091,139502,5291,212593,3846,36910,149799,22038,5291
0500000US06009,"Calaveras County, California",45349,22574,22775,4286,18288,4182,18593,8468,36881,44927,11989,32938,422,44927,341,5831,35722,3033,422
0500000US06011,"Colusa County, California",21780,11142,10638,3357,7785,3178,7460,6535,15245,21585,7295,14290,195,21585,331,13088,7329,837,195
0500000US06013,"Contra Costa County, California",1161643,571006,590637,148416,422590,142204,448433,290620,871023,1152417,199062,953355,9226,1152417,98816,301247,480220,272134,9226
0500000US06015,"Del Norte County, California",27655,14761,12894,3206,11555,3384,9510,6590,21065,24770,8825,15945,2885,24770,285,4399,15811,4275,2885
0500000US06017,"El Dorado County, California",190568,95205,95363,21412,73793,20408,74955,41820,148748,188914,32804,156110,1654,188914,1495,24862,144542,18015,1654
0500000US06019,"Fresno County, California",1003150,502694,500456,160560,342134,153565,346891,314125,689025,985123,385014,600109,18027,985123,43357,532185,275018,134563,18027
0500000US06021,"Glenn County, California",28675,14549,14126,4470,10079,4102,10024,8572,20103,28368,10013,18355,307,28368,89,12164,14291,1824,307
0500000US06023,"Humboldt County, California",137014,68404,68610,15662,52742,15296,53314,30958,106056,133833,49979,83854,3181,133833,1571,15941,97212,19109,3181
0500000US06025,"Imperial County, California",180051,92689,87362,29053,63636,28117,59245,57170,122881,169729,73301,96428,10322,169729,2678,146452,16683,3916,10322
0500000US06027,"Inyo County, California",18804,9546,9258,2426,7120,1934,7324,4360,14444,18421,4006,14415,383,18421,68,4336,11111,2906,383
0500000US06029,"Kern County, California",905644,465839,439805,147454,318385,140917,298888,288371,617273,874826,355769,519057,30818,874826,42584,479886,284920,67436,30818
0500000US06031,"Kings County, California",151887,83872,68015,23261,60611,22181,45834,45442,106445,137175,51402,85773,14712,137175,6606,77434,43348,9787,14712
0500000US06033,"Lake County, California",67749,34056,33693,8133,25923,7489,26204,15622,52127,66317,23540,42777,1432,66317,1545,14815,44997,4960,1432
0500000US06035,"Lassen County, California",32949,21361,11588,3233,18128,2744,8844,5977,26972,23043,6879,16164,9906,23043,552,2012,18573,1906,9906
0500000US06037,"Los Angeles County, California",10019635,4963728,5055907,1240886,3722842,1183953,3871954,2424839,7594796,9861892,2907180,6954712,157743,9861892,772518,4821985,2503108,1764281,157743
0500000US06039,"Madera County, California",156304,76011,80293,24417,51594,22931,57362,47348,108956,147824,56540,91284,8480,147824,3254,88460,48466,7644,8480
0500000US06041,"Marin County, California",262387,129144,133243,29449,99695,28508,104735,57957,204430,257160,38059,219101,5227,257160,5039,41468,181006,29647,5227
0500000US06043,"Mariposa County, California",17225,8815,8410,1606,7209,1445,6965,3051,14174,16999,5128,11871,226,16999,127,2061,13309,1502,226
0500000US06045,"Mendocino County, California",91534,45524,46010,10941,34583,10722,35288,21663,69871,90015,30939,59076,1519,90015,562,23677,57294,8482,1519
0500000US06047,"Merced County, California",279150,141706,137444,48205,93501,45151,92293,93356,185794,272659,106943,165716,6491,272659,7189,167200,71063,27207,6491
0500000US06049,"Modoc County, California",8723,4388,4335,905,3483,970,3365,1875,6848,8490,3254,5236,233,8490,133,1212,6629,516,233
0500000US06051,"Mono County, California",13291,7284,6007,1591,5693,1305,4702,2896,10395,13147,2848,10299,144,13147,15,3570,8455,1107,144
0500000US06053,"Monterey County, California",438953,224295,214658,65261,159034,63191,151467,128452,310501,422014,123824,298190,16939,422014,8071,254891,121382,37670,16939
0500000US06055,"Napa County, California",138795,69540,69255,16377,53163,15615,53640,31992,106803,135811,24681,111130,2984,135811,2441,47487,69433,16450,2984
0500000US06057,"Nevada County, California",102090,50577,51513,9957,40620,9362,42151,19319,82771,100880,24021,76859,1210,100880,340,9835,84626,6079,1210
0500000US06059,"Orange County, California",3182923,1578692,1604231,399718,1178974,381503,1222728,781221,2401702,3145848,668530,2477318,37075,3145848,52996,1068547,1230924,793381,37075
0500000US06061,"Placer County, California",400330,196912,203418,50621,146291,47676,155742,98297,302033,396956,57284,339672,3374,396956,6207,57889,279397,53463,3374
0500000US06063,"Plumas County, California",19631,9913,9718,2074,7839,1858,7860,3932,15699,19293,5188,14105,338,19293,318,1832,16021,1122,338
0500000US06065,"Riverside County, California",2409331,1207397,1201934,344827,862570,329941,871993,674768,1734563,2369118,652387,1716731,40213,2369118,151546,1192424,790811,234337,40213
0500000US06067,"Sacramento County, California",1571767,772808,798959,209030,563778,199108,599851,408138,1163629,1550537,426498,1124039,21230,1550537,146743,369028,667504,367262,21230
0500000US06069,"San Benito County, California",63329,32006,31323,9278,22728,8865,22458,18143,45186,62921,11879,51042,408,62921,588,38290,20416,3627,408
0500000US06071,"San Bernardino County, California",2171071,1085601,1085470,325533,760068,308947,776523,634480,1536591,2117955,665477,1452478,53116,2117955,164798,1162609,560093,230455,53116
0500000US06073,"San Diego County, California",3296317,1668164,1628153,414001,1254163,390059,1238094,804060,2492257,3213232,735342,2477890,83085,3213232,150613,1107470,1414614,540535,83085
0500000US06075,"San Francisco County, California",865933,443653,422280,66845,376808,65366,356914,132211,733722,852231,162231,690000,13702,852231,43704,129574,334375,344578,13702
0500000US06077,"San Joaquin County, California",771406,386257,385149,118865,267392,112410,272739,231275,540131,753690,219248,534442,17716,753690,50436,320924,221104,161226,17716
0500000US06079,"San Luis Obispo County, California",282771,143643,139128,32174,111469,31463,107665,63637,219134,267267,60544,206723,15504,267267,2641,62693,182030,19903,15504
0500000US06081,"San Mateo County, California",762488,379626,382862,87647,291979,82714,300148,170361,592127,756587,101201,655386,5901,756587,17283,182059,285904,271341,5901
0500000US06083,"Santa Barbara County, California",447651,225014,222637,61879,163135,60879,161758,122758,324893,426632,121990,304642,21019,426632,7455,200934,184879,33364,21019
0500000US06085,"Santa Clara County, California",1932022,983824,948198,240159,743665,226822,721376,466981,1465041,1901844,267343,1634501,30178,1901844,45579,475689,565461,815115,30178
0500000US06087,"Santa Cruz County, California",272138,135431,136707,33007,102424,32672,104035,65679,206459,260154,59448,200706,11984,260154,2555,88738,148644,20217,11984
0500000US06089,"Shasta County, California",181935,89941,91994,22544,67397,21002,70992,43546,138389,178903,53760,125143,3032,178903,1942,19028,139925,18008,3032
0500000US06091,"Sierra County, California",3079,1441,1638,246,1195,331,1307,577,2502,3052,663,2389,27,3052,1,345,2666,40,27
0500000US06093,"Siskiyou County, California",44151,22218,21933,5230,16988,4676,17257,9906,34245,43752,15255,28497,399,43752,726,5778,32837,4411,399
0500000US06095,"Solano County, California",451432,225879,225553,56879,169000,53752,171801,110631,340801,440522,84615,355907,10910,440522,56483,121188,161375,101476,10910
0500000US06097,"Sonoma County, California",492498,241898,250600,55497,186401,53512,197088,109009,383489,485874,88494,397380,6624,485874,7235,133531,300618,44490,6624
0500000US06099,"Stanislaus County, California",550842,274365,276477,84518,189847,80780,195697,165298,385544,546308,172391,373917,4534,546308,16162,262606,215917,51623,4534
0500000US06101,"Sutter County, California",99080,49778,49302,14777,35001,13411,35891,28188,70892,98017,30433,67584,1063,98017,1838,31282,43195,21702,1063
0500000US06103,"Tehama County, California",65345,32530,32815,8630,23900,8185,24630,16815,48530,64517,23186,41331,828,64517,529,16964,42914,4110,828
0500000US06105,"Trinity County, California",15818,8079,7739,1532,6547,1375,6364,2907,12911,15620,6477,9143,198,15620,73,1102,12513,1932,198
0500000US06107,"Tulare County, California",470999,236425,234574,81639,154786,77766,156808,159405,311594,464801,193319,271482,6198,464801,7674,306290,124832,26005,6198
0500000US06109,"Tuolumne County, California",55243,28755,26488,5117,23638,5040,21448,10157,45086,51712,11165,40547,3531,51712,265,6109,42358,2980,3531
0500000US06111,"Ventura County, California",845255,420600,424655,109903,310697,105497,319158,215400,629855,832745,176837,655908,12510,832745,14643,360241,368449,89412,12510
0500000US06113,"Yolo County, California",216703,105368,111335,29166,76202,29866,81469,59032,157671,209165,61470,147695,7538,209165,5369,67642,95647,40507,7538
0500000US06115,"Yuba County, California",80404,40701,39703,12441,28260,11787,27916,24228,56176,78774,25641,53133,1630,78774,2729,23304,41387,11354,1630
0500000US08001,"Adams County, Colorado",514969,261357,253612,75860,185497,72130,181482,147990,366979,510494,119626,390868,4475,510494,17099,209586,245932,37877,4475
0500000US08003,"Alamosa County, Colorado",16377,8270,8107,2580,5690,2450,5657,5030,11347,15402,6011,9391,975,15402,317,7290,7278,517,975
0500000US08005,"Arapahoe County, Colorado",651621,324950,326671,85831,239119,81028,245643,166859,484762,645068,116303,528765,6553,645068,70508,128362,377530,68668,6553
0500000US08007,"Archuleta County, Colorado",13267,6710,6557,1366,5344,1251,5306,2617,10650,13155,3602,9553,112,13155,40,2448,9959,708,112
0500000US08009,"Baca County, Colorado",3519,1740,1779,425,1315,382,1397,807,2712,3432,1632,1800,87,3432,22,403,2860,147,87
0500000US08011,"Bent County, Colorado",5861,3652,2209,482,3170,489,1720,971,4890,4227,1981,2246,1634,4227,27,1411,2363,426,1634
0500000US08013,"Boulder County, Colorado",328713,166140,162573,38837,127303,37465,125108,76302,252411,316936,62474,254462,11777,316936,2735,44192,243929,26080,11777
0500000US08014,"Broomfield County, Colorado",72697,36491,36206,9211,27280,8629,27577,17840,54857,72321,7545,64776,376,72321,1017,9352,54647,7305,376
0500000US08015,"Chaffee County, Colorado",19436,10074,9362,1688,8386,1568,7794,3256,16180,18074,5042,13032,1362,18074,0,1593,15791,690,1362
0500000US08017,"Cheyenne County, Colorado",1691,859,832,231,628,269,563,500,1191,1653,410,1243,38,1653,0,196,1339,118,38
0500000US08019,"Clear Creek County, Colorado",9427,4779,4648,752,4027,780,3868,1532,7895,9286,1508,7778,141,9286,127,664,8127,368,141
0500000US08021,"Conejos County, Colorado",7579,3820,3759,1035,2785,1053,2706,2088,5491,7541,3678,3863,38,7541,37,3899,3375,230,38
0500000US08023,"Costilla County, Colorado",3517,1869,1648,309,1560,314,1334,623,2894,3517,1601,1916,0,3517,0,2128,1165,224,0
0500000US08025,"Crowley County, Colorado",6018,4039,1979,804,3235,601,1378,1405,4613,4909,2112,2797,1109,4909,27,1572,2792,518,1109
0500000US08027,"Custer County, Colorado",4720,2248,2472,437,1811,458,2014,895,3825,4713,956,3757,7,4713,81,377,4179,76,7
0500000US08029,"Delta County, Colorado",31133,15664,15469,3524,12140,3307,12162,6831,24302,29897,9610,20287,1236,29897,274,4440,24254,929,1236
0500000US08031,"Denver County, Colorado",706799,355765,351034,76001,279764,74282,276752,150283,556516,694983,164976,530007,11816,694983,61976,205032,374925,53050,11816
0500000US08033,"Dolores County, Colorado",2288,1263,1025,214,1049,96,929,310,1978,2288,467,1821,0,2288,0,282,1835,171,0
0500000US08035,"Douglas County, Colorado",351929,176879,175050,50522,126357,47377,127673,97899,254030,350509,25492,325017,1420,350509,5226,32226,281609,31448,1420
0500000US08037,"Eagle County, Colorado",55693,29779,25914,7305,22474,6281,19633,13586,42107,55431,11978,43453,262,55431,497,16180,36087,2667,262
0500000US08039,"Elbert County, Colorado",25897,13139,12758,3120,10019,3004,9754,6124,19773,25794,3365,22429,103,25794,51,2017,22030,1696,103
0500000US08041,"El Paso County, Colorado",722736,366641,356095,100217,266424,93656,262439,193873,528863,703302,156077,547225,19434,703302,42271,125595,476910,58526,19434
0500000US08043,"Fremont County, Colorado",49007,28637,20370,4463,24174,4173,16197,8636,40371,38339,11918,26421,10668,38339,160,3397,33657,1125,10668
0500000US08045,"Garfield County, Colorado",61221,31391,29830,8626,22765,8241,21589,16867,44354,60295,12477,47818,926,60295,241,17697,39964,2393,926
0500000US08047,"Gilpin County, Colorado",5812,3074,2738,539,2535,417,2321,956,4856,5718,850,4868,94,5718,36,554,4901,227,94
0500000US08049,"Grand County, Colorado",15629,8355,7274,1550,6805,1458,5816,3008,12621,15578,3253,12325,51,15578,125,1491,13064,898,51
0500000US08051,"Gunnison County, Colorado",16851,9262,7589,2128,7134,1429,6160,3557,13294,16037,4492,11545,814,16037,70,1524,13812,631,814
0500000US08053,"Hinsdale County, Colorado",858,389,469,53,336,50,419,103,755,858,169,689,0,858,9,43,737,69,0
0500000US08055,"Huerfano County, Colorado",6787,3470,3317,792,2678,564,2753,1356,5431,6628,2269,4359,159,6628,2,2234,4047,345,159
0500000US08057,"Jackson County, Colorado",1375,740,635,123,617,119,516,242,1133,1370,452,918,5,1370,9,110,1234,17,5
0500000US08059,"Jefferson County, Colorado",580130,291263,288867,65007,226256,61082,227785,126089,454041,571357,84391,486966,8773,571357,6110,89303,440545,35399,8773
0500000US08061,"Kiowa County, Colorado",1414,691,723,232,459,156,567,388,1026,1385,448,937,29,1385,0,59,1305,21,29
0500000US08063,"Kit Carson County, Colorado",7071,3637,3434,1082,2555,831,2603,1913,5158,6989,2376,4613,82,6989,3,1306,5371,309,82
0500000US08065,"Lake County, Colorado",7417,3881,3536,670,3211,912,2624,1582,5835,7304,1539,5765,113,7304,0,2218,4481,605,113
0500000US08067,"La Plata County, Colorado",55673,28002,27671,6203,21799,5972,21699,12175,43498,53769,12177,41592,1904,53769,207,6964,42178,4420,1904
0500000US08069,"Larimer County, Colorado",354670,177485,177185,41626,135859,40465,136720,82091,272579,345329,72850,272479,9341,345329,3181,40944,281876,19328,9341
0500000US08071,"Las Animas County, Colorado",14531,7647,6884,1565,6082,1446,5438,3011,11520,13931,5263,8668,600,13931,70,5791,7296,774,600
0500000US08073,"Lincoln County, Colorado",5630,3270,2360,578,2692,586,1774,1164,4466,3840,1220,2620,1790,3840,9,248,3465,118,1790
0500000US08075,"Logan County, Colorado",21765,12117,9648,2789,9328,2374,7274,5163,16602,20905,6941,13964,860,20905,81,3607,15854,1363,860
0500000US08077,"Mesa County, Colorado",154685,76817,77868,19297,57520,18380,59488,37677,117008,151047,40566,110481,3638,151047,1072,22240,121524,6211,3638
0500000US08079,"Mineral County, Colorado",794,378,416,32,346,79,337,111,683,794,192,602,0,794,12,11,727,44,0
0500000US08081,"Moffat County, Colorado",13240,6710,6530,1858,4852,1763,4767,3621,9619,13121,4197,8924,119,13121,80,2119,10401,521,119
0500000US08083,"Montezuma County, Colorado",25916,12955,12961,3360,9595,2803,10158,6163,19753,25735,8352,17383,181,25735,252,3317,18398,3768,181
0500000US08085,"Montrose County, Colorado",42328,21193,21135,5248,15945,4669,16466,9917,32411,41904,10977,30927,424,41904,115,8760,31444,1585,424
0500000US08087,"Morgan County, Colorado",28868,14888,13980,4317,10571,3949,10031,8266,20602,28452,8677,19775,416,28452,893,10450,16237,872,416
0500000US08089,"Otero County, Colorado",18665,9120,9545,2441,6679,2725,6820,5166,13499,18229,7842,10387,436,18229,190,7834,9313,892,436
0500000US08091,"Ouray County, Colorado",4850,2445,2405,415,2030,324,2081,739,4111,4840,734,4106,10,4840,94,98,4459,189,10
0500000US08093,"Park County, Colorado",17384,9169,8215,1453,7716,1429,6786,2882,14502,17171,2882,14289,213,17171,30,1085,15178,878,213
0500000US08095,"Phillips County, Colorado",4497,2285,2212,648,1637,731,1481,1379,3118,4426,1469,2957,71,4426,0,1414,2973,39,71
0500000US08097,"Pitkin County, Colorado",17471,9338,8133,1975,7363,1360,6773,3335,14136,17414,1684,15730,57,17414,15,1843,14092,1464,57
0500000US08099,"Prowers County, Colorado",11966,6095,5871,1929,4166,1577,4294,3506,8460,11573,4342,7231,393,11573,67,4619,6598,289,393
0500000US08101,"Pueblo County, Colorado",167453,82853,84600,21555,61298,20630,63970,42185,125268,163654,57242,106412,3799,163654,2798,71647,83054,6155,3799
0500000US08103,"Rio Blanco County, Colorado",6495,3341,3154,987,2354,763,2391,1750,4745,6163,1791,4372,332,6163,6,666,5121,370,332
0500000US08105,"Rio Grande County, Colorado",11476,6063,5413,1816,4247,1047,4366,2863,8613,11314,3230,8084,162,11314,17,5045,5794,458,162
0500000US08107,"Routt County, Colorado",24899,12972,11927,2509,10463,2434,9493,4943,19956,24653,4369,20284,246,24653,67,1690,21049,1847,246
0500000US08109,"Saguache County, Colorado",6369,3223,3146,745,2478,630,2516,1375,4994,6346,2490,3856,23,6346,78,2273,3710,285,23
0500000US08111,"San Juan County, Colorado",698,377,321,59,318,44,277,103,595,698,209,489,0,698,0,113,578,7,0
0500000US08113,"San Miguel County, Colorado",8084,4385,3699,878,3507,633,3066,1511,6573,8046,2026,6020,38,8046,18,897,6849,282,38
0500000US08115,"Sedgwick County, Colorado",2459,1299,1160,343,956,320,840,663,1796,2424,876,1548,35,2424,13,480,1837,94,35
0500000US08117,"Summit County, Colorado",31042,16786,14256,2855,13931,2723,11533,5578,25464,30854,6341,24513,188,30854,39,4543,24593,1679,188
0500000US08119,"Teller County, Colorado",24607,12517,12090,2316,10201,2189,9901,4505,20102,24508,4913,19595,99,24508,187,1805,21004,1512,99
0500000US08121,"Washington County, Colorado",4834,2573,2261,652,1921,523,1738,1175,3659,4560,1298,3262,274,4560,61,443,3993,63,274
0500000US08123,"Weld County, Colorado",322424,163656,158768,47835,115821,46056,112712,93891,228533,315304,71995,243309,7120,315304,3930,94908,202974,13492,7120
0500000US08125,"Yuma County, Colorado",9944,5059,4885,1469,3590,1454,3431,2923,7021,9628,2682,6946,316,9628,125,2292,7137,74,316
0500000US09001,"Fairfield County, Connecticut",956446,468448,487998,122842,345606,118659,369339,241501,714945,939754,180459,759295,16692,939754,106870,193758,561033,78093,16692
0500000US09003,"Hartford County, Connecticut",898636,438965,459671,108583,330382,104465,355206,213048,685588,878283,191553,686730,20353,878283,119316,165794,518866,74307,20353
0500000US09005,"Litchfield County, Connecticut",185175,92370,92805,19653,72717,17857,74948,37510,147665,182806,29218,153588,2369,182806,3152,12991,158251,8412,2369
0500000US09007,"Middlesex County, Connecticut",164568,80905,83663,17136,63769,16034,67629,33170,131398,159560,23462,136098,5008,159560,8346,10672,131619,8923,5008
0500000US09009,"New Haven County, Connecticut",864751,418910,445841,102719,316191,98899,346942,201618,663133,838405,194099,644306,26346,838405,114993,162120,509774,51518,26346
0500000US09011,"New London County, Connecticut",269131,135514,133617,30850,104664,28833,104784,59683,209448,257900,52460,205440,11231,257900,14378,28869,192215,22438,11231
0500000US09013,"Tolland County, Connecticut",150120,75675,74445,18164,57511,17149,57296,35313,114807,135408,24256,111152,14712,135408,3365,8071,113410,10562,14712
0500000US09015,"Windham County, Connecticut",116503,58073,58430,13837,44236,13143,45287,26980,89523,111578,25298,86280,4925,111578,1957,13703,91351,4567,4925
0500000US10001,"Kent County, Delaware",180078,87135,92943,23712,63423,23096,69847,46808,133270,174712,48069,126643,5366,174712,42858,13201,105861,12792,5366
0500000US10003,"New Castle County, Delaware",567769,276369,291400,70416,205953,68852,222548,139268,428501,550455,118287,432168,17314,550455,137863,58442,305079,49071,17314
0500000US10005,"Sussex County, Delaware",234045,113715,120330,24063,89652,23252,97078,47315,186730,230435,57507,172928,3610,230435,25193,21469,172688,11085,3610
0500000US11001,"District of Columbia, District of Columbia",683154,325490,357664,72708,252782,73409,284255,146117,537037,651618,160801,490817,31536,651618,294532,73323,236487,47276,31536
0500000US12001,"Alachua County, Florida",276171,133446,142725,31846,101600,33134,109591,64980,211191,262920,91898,171022,13251,262920,53064,27160,157716,24980,13251
0500000US12003,"Baker County, Florida",28003,14978,13025,3812,11166,3308,9717,7120,20883,24807,6413,18394,3196,24807,2219,519,20632,1437,3196
0500000US12005,"Bay County, Florida",181384,90549,90835,21308,69241,20320,70515,41628,139756,178905,51033,127872,2479,178905,18137,12233,135169,13366,2479
0500000US12007,"Bradford County, Florida",27928,15612,12316,3294,12318,2792,9524,6086,21842,23960,9161,14799,3968,23960,3488,891,18621,960,3968
0500000US12009,"Brevard County, Florida",601573,295862,305711,63322,232540,59595,246116,122917,478656,595483,150233,445250,6090,595483,57608,65673,433561,38641,6090
0500000US12011,"Broward County, Florida",1934551,948192,986359,229970,718222,221931,764428,451901,1482650,1918092,539870,1378222,16459,1918092,546025,593637,655165,123265,16459
0500000US12013,"Calhoun County, Florida",13863,7664,6199,1678,5986,1447,4752,3125,10738,11969,5125,6844,1894,11969,897,442,9872,758,1894
0500000US12015,"Charlotte County, Florida",184837,90681,94156,12847,77834,11906,82250,24753,160084,180969,46623,134346,3868,180969,9032,14050,150987,6900,3868
0500000US12017,"Citrus County, Florida",151888,74221,77667,13053,61168,11906,65761,24959,126929,149153,46948,102205,2735,149153,3508,9136,130036,6473,2735
0500000US12019,"Clay County, Florida",216308,106993,109315,28595,78398,27008,82307,55603,160705,214453,49811,164642,1855,214453,23493,22538,152167,16255,1855
0500000US12021,"Collier County, Florida",372797,184543,188254,36226,148317,34494,153760,70720,302077,369517,86135,283382,3280,369517,24099,105868,228406,11144,3280
0500000US12023,"Columbia County, Florida",69265,36077,33188,8950,27127,7976,25212,16926,52339,64181,22736,41445,5084,64181,9749,3812,47515,3105,5084
0500000US12027,"DeSoto County, Florida",34027,19280,14747,4025,15255,3381,11366,7406,26621,32191,17366,14825,1836,32191,3273,10545,17902,471,1836
0500000US12029,"Dixie County, Florida",16701,9392,7309,1947,7445,1417,5892,3364,13337,15102,5656,9446,1599,15102,575,665,13305,557,1599
0500000US12031,"Duval County, Florida",983153,478773,504380,125405,353368,120317,384063,245722,737431,961709,291780,669929,21444,961709,283186,102401,488276,87846,21444
0500000US12033,"Escambia County, Florida",318828,158208,160620,40966,117242,37411,123209,78377,240451,301308,96610,204698,17520,301308,66047,16565,191699,26997,17520
0500000US12035,"Flagler County, Florida",113888,54827,59061,10679,44148,10608,48453,21287,92601,112812,29840,82972,1076,112812,10982,12250,83370,6210,1076
0500000US12037,"Franklin County, Florida",12232,6917,5315,1233,5684,944,4371,2177,10055,10647,4333,6314,1585,10647,634,434,8910,669,1585
0500000US12039,"Gadsden County, Florida",44233,20969,23264,5235,15734,5409,17855,10644,33589,40994,17634,23360,3239,40994,23125,4427,12792,650,3239
0500000US12041,"Gilchrist County, Florida",17759,9257,8502,2399,6858,1740,6762,4139,13620,16445,5399,11046,1314,16445,271,918,14702,554,1314
0500000US12043,"Glades County, Florida",12183,6733,5450,951,5782,1012,4438,1963,10220,10763,4701,6062,1420,10763,1149,2349,6650,615,1420
0500000US12045,"Gulf County, Florida",15205,8748,6457,1436,7312,1303,5154,2739,12466,12360,3403,8957,2845,12360,845,199,10967,349,2845
0500000US12047,"Hamilton County, Florida",13973,8290,5683,1665,6625,1212,4471,2877,11096,10799,5682,5117,3174,10799,3146,1129,6375,149,3174
0500000US12049,"Hardee County, Florida",25632,13762,11870,3948,9814,3401,8469,7349,18283,23725,11340,12385,1907,23725,867,10961,10946,951,1907
0500000US12051,"Hendry County, Florida",39439,20957,18482,6040,14917,5512,12970,11552,27887,38877,21376,17501,562,38877,4113,21673,11733,1358,562
0500000US12053,"Hernando County, Florida",192128,93181,98947,20040,73141,19250,79697,39290,152838,189468,58563,130905,2660,189468,9683,28324,143031,8430,2660
0500000US12055,"Highlands County, Florida",101174,49583,51591,9629,39954,9449,42142,19078,82096,99815,36696,63119,1359,99815,8926,21169,64905,4815,1359
0500000US12057,"Hillsborough County, Florida",1444359,710358,734001,184292,526066,174839,559162,359131,1085228,1423727,413499,1010228,20632,1423727,234471,423419,667576,98261,20632
0500000US12059,"Holmes County, Florida",19622,10694,8928,2237,8457,1960,6968,4197,15425,17852,7847,10005,1770,17852,630,367,16137,718,1770
0500000US12061,"Indian River County, Florida",158002,76681,81321,14891,61790,13074,68247,27965,130037,156730,38906,117824,1272,156730,12719,20225,115963,7823,1272
0500000US12063,"Jackson County, Florida",48067,26436,21631,5436,21000,4746,16885,10182,37885,40437,15475,24962,7630,40437,9463,1292,28432,1250,7630
0500000US12065,"Jefferson County, Florida",14405,7624,6781,1597,6027,1301,5480,2898,11507,12814,3887,8927,1591,12814,3931,437,8107,339,1591
0500000US12067,"Lafayette County, Florida",8343,5148,3195,958,4190,822,2373,1780,6563,6967,2436,4531,1376,6967,830,932,5102,103,1376
0500000US12069,"Lake County, Florida",375059,182652,192407,40661,141991,38720,153687,79381,295678,370352,98258,272094,4707,370352,38340,62617,251029,18366,4707
0500000US12071,"Lee County, Florida",752251,370371,381880,75827,294544,71994,309886,147821,604430,743628,199912,543716,8623,743628,59746,168730,484896,30256,8623
0500000US12073,"Leon County, Florida",290965,138217,152748,35088,103129,36743,116005,71831,219134,277688,91899,185789,13277,277688,86555,17890,154117,19126,13277
0500000US12075,"Levy County, Florida",42392,20737,21655,4661,16076,4507,17148,9168,33224,42056,17791,24265,336,42056,3454,3764,33080,1758,336
0500000US12077,"Liberty County, Florida",7987,4542,3445,673,3869,1087,2358,1760,6227,6554,2772,3782,1433,6554,547,292,5389,326,1433
0500000US12079,"Madison County, Florida",18051,9811,8240,2177,7634,1596,6644,3773,14278,15933,7071,8862,2118,15933,5701,807,8797,628,2118
0500000US12081,"Manatee County, Florida",394824,191748,203076,40439,151309,38403,164673,78842,315982,390383,100399,289984,4441,390383,31892,65423,274482,18586,4441
0500000US12083,"Marion County, Florida",370372,178543,191829,39109,139434,37377,154452,76486,293886,360734,123283,237451,9638,360734,43952,51945,249687,15150,9638
0500000US12085,"Martin County, Florida",158323,78557,79766,14735,63822,13930,65836,28665,129658,155071,37391,117680,3252,155071,7964,21890,120474,4743,3252
0500000US12086,"Miami-Dade County, Florida",2690113,1316112,1374001,312879,1003233,300577,1073424,613456,2076657,2655101,924594,1730507,35012,2655101,426616,1829239,347414,51832,35012
0500000US12087,"Monroe County, Florida",82244,42982,39262,7284,35698,6865,32397,14149,68095,81035,18241,62794,1209,81035,5660,20337,52625,2413,1209
0500000US12089,"Nassau County, Florida",88492,43982,44510,9967,34015,9182,35328,19149,69343,87664,17263,70401,828,87664,4712,4169,75242,3541,828
0500000US12091,"Okaloosa County, Florida",209230,106754,102476,26438,80316,24771,77705,51209,158021,202724,49735,152989,6506,202724,18464,19684,147311,17265,6506
0500000US12093,"Okeechobee County, Florida",39716,21429,18287,5324,16105,4243,14044,9567,30149,36490,14361,22129,3226,36490,1940,9628,23581,1341,3226
0500000US12095,"Orange County, Florida",1409949,694646,715303,178750,515896,172754,542549,351504,1058445,1377713,437729,939984,32236,1377713,286749,453387,519435,118142,32236
0500000US12097,"Osceola County, Florida",380331,188551,191780,53290,135261,50046,141734,103336,276995,377685,131510,246175,2646,377685,40859,209985,111769,15072,2646
0500000US12099,"Palm Beach County, Florida",1481233,722045,759188,161383,560662,155022,604166,316405,1164828,1460990,380528,1080462,20243,1460990,269258,338958,768470,84304,20243
0500000US12101,"Pasco County, Florida",551598,269500,282098,63432,206068,60824,221274,124256,427342,543449,152013,391436,8149,543449,31107,91075,390851,30416,8149
0500000US12103,"Pinellas County, Florida",957989,462472,495517,87202,375270,83848,411669,171050,786939,942924,243406,699518,15065,942924,95444,96186,688037,63257,15065
0500000US12105,"Polk County, Florida",713148,351246,361902,90282,260964,85894,276008,176176,536972,699296,238613,460683,13852,699296,103761,175566,391496,28473,13852
0500000US12107,"Putnam County, Florida",73147,36381,36766,8746,27635,8336,28430,17082,56065,71787,35259,36528,1360,71787,11261,7478,50877,2171,1360
0500000US12109,"St. Johns County, Florida",265724,130037,135687,32822,97215,31593,104094,64415,201309,262963,43184,219779,2761,262963,13919,20120,212804,16120,2761
0500000US12111,"St. Lucie County, Florida",324599,159383,165216,36714,122669,34530,130686,71244,253355,321414,91456,229958,3185,321414,65141,64402,176396,15475,3185
0500000US12113,"Santa Rosa County, Florida",184345,94610,89735,23326,71284,21401,68334,44727,139618,177881,39033,138848,6464,177881,8060,10259,146784,12778,6464
0500000US12115,"Sarasota County, Florida",429336,205825,223511,35158,170667,33314,190197,68472,360864,423516,82615,340901,5820,423516,18015,41157,347666,16678,5820
0500000US12117,"Seminole County, Florida",467382,227242,240140,55276,171966,53356,186784,108632,358750,463438,101398,362040,3944,463438,54799,104501,269511,34627,3944
0500000US12119,"Sumter County, Florida",127335,63324,64011,4959,58365,5333,58678,10292,117043,118197,24805,93392,9138,118197,5441,5534,104567,2655,9138
0500000US12121,"Suwannee County, Florida",43514,22620,20894,5533,17087,5028,15866,10561,32953,41594,15335,26259,1920,41594,4604,4210,31380,1400,1920
0500000US12123,"Taylor County, Florida",21762,12113,9649,2652,9461,2221,7428,4873,16889,18142,7187,10955,3620,18142,3095,202,14261,584,3620
0500000US12125,"Union County, Florida",16141,10575,5566,1793,8782,1749,3817,3542,12599,10308,3637,6671,5833,10308,748,396,8422,742,5833
0500000US12127,"Volusia County, Florida",548783,268856,279927,56548,212308,53765,226162,110313,438470,538024,154825,383199,10759,538024,56009,81817,378103,22095,10759
0500000US12129,"Wakulla County, Florida",33144,18186,14958,3857,14329,3596,11362,7453,25691,29782,5930,23852,3362,29782,2905,780,24866,1231,3362
0500000US12131,"Walton County, Florida",73456,37252,36204,8336,28916,7926,28278,16262,57194,71713,18103,53610,1743,71713,2665,4592,60317,4139,1743
0500000US12133,"Washington County, Florida",24906,13611,11295,2793,10818,2513,8782,5306,19600,22039,9752,12287,2867,22039,2583,738,17592,1126,2867
0500000US13001,"Appling County, Georgia",18509,9459,9050,2788,6671,2265,6785,5053,13456,18149,8825,9324,360,18149,3451,1859,12494,345,360
0500000US13003,"Atkinson County, Georgia",8269,4135,4134,1239,2896,1384,2750,2623,5646,8228,4329,3899,41,8228,1319,2216,4519,174,41
0500000US13005,"Bacon County, Georgia",11163,5497,5666,1689,3808,1511,4155,3200,7963,10458,4666,5792,705,10458,1370,938,7861,289,705
0500000US13007,"Baker County, Georgia",2928,1462,1466,376,1086,211,1255,587,2341,2928,1747,1181,0,2928,1143,4,1495,286,0
0500000US13009,"Baldwin County, Georgia",43876,22213,21663,5344,16869,6153,15510,11497,32379,39392,15062,24330,4484,39392,16566,966,20300,1560,4484
0500000US13011,"Banks County, Georgia",18061,9121,8940,2397,6724,2074,6866,4471,13590,18022,5392,12630,39,18022,474,1339,15650,559,39
0500000US13013,"Barrow County, Georgia",82138,40462,41676,11792,28670,11267,30409,23059,59079,81720,23131,58589,418,81720,10160,10107,55696,5757,418
0500000US13015,"Bartow County, Georgia",107868,53699,54169,14921,38778,13708,40461,28629,79239,106512,30306,76206,1356,106512,10752,9894,80773,5093,1356
0500000US13017,"Ben Hill County, Georgia",17237,8163,9074,2477,5686,2217,6857,4694,12543,16907,8018,8889,330,16907,6245,1102,9298,262,330
0500000US13019,"Berrien County, Georgia",18195,8989,9206,2372,6617,2380,6826,4752,13443,17915,7493,10422,280,17915,1687,986,14548,694,280
0500000US13021,"Bibb County, Georgia",156711,73677,83034,21701,51976,21409,61625,43110,113601,150265,63287,86978,6446,150265,82372,5247,55065,7581,6446
0500000US13023,"Bleckley County, Georgia",12562,5865,6697,1612,4253,1630,5067,3242,9320,11278,4845,6433,1284,11278,2825,352,8000,101,1284
0500000US13025,"Brantley County, Georgia",18072,8953,9119,2230,6723,2472,6647,4702,13370,17993,8114,9879,79,17993,415,445,16443,690,79
0500000US13027,"Brooks County, Georgia",16254,7845,8409,2231,5614,2042,6367,4273,11981,16106,7608,8498,148,16106,5764,997,8892,453,148
0500000US13029,"Bryan County, Georgia",43278,21591,21687,7297,14294,6663,15024,13960,29318,43020,8049,34971,258,43020,6106,3384,30671,2859,258
0500000US13031,"Bulloch County, Georgia",79635,38943,40692,11358,27585,11575,29117,22933,56702,69607,28438,41169,10028,69607,18473,2849,44914,3371,10028
0500000US13033,"Burke County, Georgia",24231,11419,12812,3168,8251,3496,9316,6664,17567,23837,8608,15229,394,23837,11142,838,11232,625,394
0500000US13035,"Butts County, Georgia",24950,13400,11550,2833,10567,2814,8736,5647,19303,22269,7088,15181,2681,22269,5697,686,15196,690,2681
0500000US13037,"Calhoun County, Georgia",5668,3470,2198,522,2948,570,1628,1092,4576,3845,1973,1872,1823,3845,2372,132,1330,11,1823
0500000US13039,"Camden County, Georgia",54256,28134,26122,8088,20046,6856,19266,14944,39312,52011,16673,35338,2245,52011,9692,3727,35870,2722,2245
0500000US13043,"Candler County, Georgia",10885,5298,5587,1509,3789,1575,4012,3084,7801,10657,4976,5681,228,10657,2381,1307,6332,637,228
0500000US13045,"Carroll County, Georgia",118402,57684,60718,16506,41178,16386,44332,32892,85510,114498,35640,78858,3904,114498,21943,8200,79585,4770,3904
0500000US13047,"Catoosa County, Georgia",67579,32795,34784,8676,24119,8242,26542,16918,50661,66875,17321,49554,704,66875,1428,2153,60257,3037,704
0500000US13049,"Charlton County, Georgia",12416,7280,5136,1286,5994,1321,3815,2607,9809,11353,4659,6694,1063,11353,3236,203,7371,543,1063
0500000US13051,"Chatham County, Georgia",294815,142203,152612,36116,106087,35905,116707,72021,222794,283602,82355,201247,11213,283602,114223,18891,134430,16058,11213
0500000US13053,"Chattahoochee County, Georgia",9533,6253,3280,1751,4502,958,2322,2709,6824,6033,2796,3237,3500,6033,882,990,3497,664,3500
0500000US13055,"Chattooga County, Georgia",24898,12818,12080,3064,9754,3048,9032,6112,18786,22820,11103,11717,2078,22820,1179,1302,19781,558,2078
0500000US13057,"Cherokee County, Georgia",262155,129664,132491,35367,94297,33891,98600,69258,192897,259988,46146,213842,2167,259988,18555,28345,200721,12367,2167
0500000US13059,"Clarke County, Georgia",128195,61198,66997,15748,45450,17830,49167,33578,94617,116772,52067,64705,11423,116772,33865,13294,63051,6562,11423
0500000US13061,"Clay County, Georgia",2883,1423,1460,276,1147,361,1099,637,2246,2838,1371,1467,45,2838,1595,11,1167,65,45
0500000US13063,"Clayton County, Georgia",294335,138041,156294,45546,92495,44608,111686,90154,204181,288273,116933,171340,6062,288273,203405,38667,25866,20335,6062
0500000US13065,"Clinch County, Georgia",6737,3339,3398,1078,2261,892,2506,1970,4767,6659,3649,3010,78,6659,1702,420,4283,254,78
0500000US13067,"Cobb County, Georgia",762500,371343,391157,100429,270914,97816,293341,198245,564255,750787,151461,599326,11713,750787,205338,99914,376884,68651,11713
0500000US13069,"Coffee County, Georgia",43048,22301,20747,6322,15979,5733,15014,12055,30993,39887,17907,21980,3161,39887,10490,4963,23661,773,3161
0500000US13071,"Colquitt County, Georgia",45800,22965,22835,7036,15929,6039,16796,13075,32725,45297,21241,24056,503,45297,10528,9008,24854,907,503
0500000US13073,"Columbia County, Georgia",154274,75804,78470,21875,53929,20903,57567,42778,111496,153162,23679,129483,1112,153162,25886,10986,102461,13829,1112
0500000US13075,"Cook County, Georgia",17188,8367,8821,2519,5848,2533,6288,5052,12136,16937,7102,9835,251,16937,4551,984,10851,551,251
0500000US13077,"Coweta County, Georgia",144928,70701,74227,19376,51325,19078,55149,38454,106474,144211,28863,115348,717,144211,25328,10551,101204,7128,717
0500000US13079,"Crawford County, Georgia",12159,6332,5827,1637,4695,1224,4603,2861,9298,11979,3423,8556,180,11979,2515,452,8770,242,180
0500000US13081,"Crisp County, Georgia",20524,10064,10460,3155,6909,2529,7931,5684,14840,19991,9050,10941,533,19991,9167,754,9809,261,533
0500000US13083,"Dade County, Georgia",16313,8118,8195,2233,5885,1975,6220,4208,12105,14970,4359,10611,1343,14970,109,336,13987,538,1343
0500000US13085,"Dawson County, Georgia",26202,13396,12806,3072,10324,2682,10124,5754,20448,25965,6050,19915,237,25965,176,1338,23524,927,237
0500000US13087,"Decatur County, Georgia",29020,13885,15135,3985,9900,4130,11005,8115,20905,27896,12691,15205,1124,27896,11496,1816,13950,634,1124
0500000US13089,"DeKalb County, Georgia",758634,359939,398695,97802,262137,94984,303711,192786,565848,745752,210063,535689,12882,745752,395164,62851,216383,71354,12882
0500000US13091,"Dodge County, Georgia",20089,10606,9483,2422,8184,1986,7497,4408,15681,18166,7434,10732,1923,18166,4833,685,12195,453,1923
0500000US13093,"Dooly County, Georgia",11546,6360,5186,1305,5055,1148,4038,2453,9093,9956,4338,5618,1590,9956,4765,730,4344,117,1590
0500000US13095,"Dougherty County, Georgia",86825,40274,46551,12109,28165,11908,34643,24017,62808,83128,38945,44183,3697,83128,58094,2507,20175,2352,3697
0500000US13097,"Douglas County, Georgia",143520,68513,75007,21057,47456,19994,55013,41051,102469,141715,38285,103430,1805,141715,68584,14623,52270,6238,1805
0500000US13099,"Early County, Georgia",10813,5109,5704,1470,3639,1528,4176,2998,7815,10672,4759,5913,141,10672,5648,245,4720,59,141
0500000US13101,"Echols County, Georgia",3691,1616,2075,364,1252,614,1461,978,2713,3691,1591,2100,0,3691,114,1084,2156,337,0
0500000US13103,"Effingham County, Georgia",63448,31651,31797,9649,22002,8635,23162,18284,45164,62960,13035,49925,488,62960,8433,3235,47956,3336,488
0500000US13105,"Elbert County, Georgia",19453,9268,10185,2354,6914,2269,7916,4623,14830,19235,8149,11086,218,19235,5496,1176,11992,571,218
0500000US13107,"Emanuel County, Georgia",22739,11396,11343,3353,8043,3148,8195,6501,16238,21787,9333,12454,952,21787,6929,1036,12921,901,952
0500000US13109,"Evans County, Georgia",10761,5428,5333,1848,3580,1242,4091,3090,7671,10290,4422,5868,471,10290,2839,1268,5798,385,471
0500000US13111,"Fannin County, Georgia",25198,12291,12907,2244,10047,2140,10767,4384,20814,24977,8971,16006,221,24977,53,630,23385,909,221
0500000US13113,"Fayette County, Georgia",117828,57493,60335,15677,41816,14751,45584,30428,87400,116752,16534,100218,1076,116752,27896,8705,69482,10669,1076
0500000US13115,"Floyd County, Georgia",98210,47604,50606,12882,34722,12978,37628,25860,72350,93898,34112,59786,4312,93898,12746,11205,66207,3740,4312
0500000US13117,"Forsyth County, Georgia",245754,122634,123120,37298,85336,35488,87632,72786,172968,244915,26959,217956,839,244915,9128,23409,166246,46132,839
0500000US13119,"Franklin County, Georgia",23256,11464,11792,3074,8390,2667,9125,5741,17515,22717,8475,14242,539,22717,1895,1169,18886,767,539
0500000US13121,"Fulton County, Georgia",1054286,512476,541810,131676,380800,128460,413350,260136,794150,1021572,260953,760619,32714,1021572,444079,73579,400050,103864,32714
0500000US13123,"Gilmer County, Georgia",31047,15468,15579,3184,12284,3209,12370,6393,24654,30772,9133,21639,275,30772,119,3678,26290,685,275
0500000US13125,"Glascock County, Georgia",2903,1336,1567,321,1015,430,1137,751,2152,2839,1043,1796,64,2839,273,51,2484,31,64
0500000US13127,"Glynn County, Georgia",84373,39799,44574,10080,29719,10072,34502,20152,64221,82913,25414,57499,1460,82913,20846,5618,52575,3874,1460
0500000US13129,"Gordon County, Georgia",57274,28134,29140,7434,20700,7615,21525,15049,42225,56605,22873,33732,669,56605,1720,9363,43450,2072,669
0500000US13131,"Grady County, Georgia",26076,13039,13037,3838,9201,3084,9953,6922,19154,25872,10808,15064,204,25872,7358,2987,15024,503,204
0500000US13133,"Greene County, Georgia",18461,9206,9255,2161,7045,1719,7536,3880,14581,18285,5478,12807,176,18285,6000,1180,10662,443,176
0500000US13135,"Gwinnett County, Georgia",948505,465111,483394,142320,322791,138063,345331,280383,668122,941554,237648,703906,6951,941554,265131,203757,330476,142190,6951
0500000US13137,"Habersham County, Georgia",45767,21624,24143,5768,15856,6084,18059,11852,33915,43319,14057,29262,2448,43319,763,7205,33135,2216,2448
0500000US13139,"Hall County, Georgia",201703,100746,100957,28447,72299,27182,73775,55629,146074,199714,55561,144153,1989,199714,13920,57918,119001,8875,1989
0500000US13141,"Hancock County, Georgia",8652,4746,3906,487,4259,795,3111,1282,7370,6369,2956,3413,2283,6369,4633,11,1719,6,2283
0500000US13143,"Haralson County, Georgia",29685,14667,15018,3876,10791,3812,11206,7688,21997,29284,8223,21061,401,29284,1348,610,26427,899,401
0500000US13145,"Harris County, Georgia",34316,17328,16988,4521,12807,3806,13182,8327,25989,33775,5948,27827,541,33775,5191,1356,25854,1374,541
0500000US13147,"Hart County, Georgia",25808,12824,12984,3008,9816,2817,10167,5825,19983,24969,8542,16427,839,24969,4749,945,18673,602,839
0500000US13149,"Heard County, Georgia",11440,5686,5754,1493,4193,1275,4479,2768,8672,11289,3980,7309,151,11289,1096,317,9577,299,151
0500000US13151,"Henry County, Georgia",236615,113248,123367,34342,78906,32620,90747,66962,169653,235062,51920,183142,1553,235062,109888,17291,92366,15517,1553
0500000US13153,"Houston County, Georgia",161177,78639,82538,23399,55240,21842,60696,45241,115936,158920,39778,119142,2257,158920,50119,10462,87125,11214,2257
0500000US13155,"Irwin County, Georgia",9615,5193,4422,1352,3841,1103,3319,2455,7160,9352,3591,5761,263,9352,2549,364,6306,133,263
0500000US13157,"Jackson County, Georgia",73839,36805,37034,10644,26161,9845,27189,20489,53350,72988,17997,54991,851,72988,5347,6325,58304,3012,851
0500000US13159,"Jasper County, Georgia",14478,7090,7388,1935,5155,1738,5650,3673,10805,14314,5502,8812,164,14314,2626,582,10664,442,164
0500000US13161,"Jeff Davis County, Georgia",14753,7425,7328,2290,5135,2026,5302,4316,10437,14676,6640,8036,77,14676,1913,1865,10363,535,77
0500000US13163,"Jefferson County, Georgia",15708,7638,8070,2145,5493,2092,5978,4237,11471,15200,6217,8983,508,15200,8054,610,6254,282,508
0500000US13165,"Jenkins County, Georgia",8693,4254,4439,1032,3222,933,3506,1965,6728,7964,4212,3752,729,7964,2270,647,4940,107,729
0500000US13167,"Johnson County, Georgia",9272,5527,3745,1264,4263,706,3039,1970,7302,8451,3614,4837,821,8451,2732,194,5312,213,821
0500000US13169,"Jones County, Georgia",28297,13884,14413,3821,10063,3323,11090,7144,21153,28037,7768,20269,260,28037,6789,534,19872,842,260
0500000US13171,"Lamar County, Georgia",18482,9043,9439,2537,6506,2350,7089,4887,13595,17174,5290,11884,1308,17174,4456,463,11555,700,1308
0500000US13173,"Lanier County, Georgia",9874,4782,5092,1257,3525,1294,3798,2551,7323,9589,4828,4761,285,9589,2123,656,6498,312,285
0500000US13175,"Laurens County, Georgia",49202,23517,25685,6918,16599,6496,19189,13414,35788,48240,21120,27120,962,48240,18426,1269,27653,892,962
0500000US13177,"Lee County, Georgia",32547,16384,16163,4995,11389,4665,11498,9660,22887,31227,6120,25107,1320,31227,6661,945,22287,1334,1320
0500000US13179,"Liberty County, Georgia",64334,32540,31794,10159,22381,9647,22147,19806,44528,61986,23178,38808,2348,61986,25917,7769,23155,5145,2348
0500000US13181,"Lincoln County, Georgia",7686,3766,3920,883,2883,824,3096,1707,5979,7588,3172,4416,98,7588,2180,154,5107,147,98
0500000US13183,"Long County, Georgia",16398,8502,7896,2812,5690,2374,5522,5186,11212,16081,6499,9582,317,16081,3660,1840,9073,1508,317
0500000US13185,"Lowndes County, Georgia",117437,57004,60433,16935,40069,16620,43813,33555,83882,113052,45721,67331,4385,113052,41573,6710,59979,4790,4385
0500000US13187,"Lumpkin County, Georgia",33188,16217,16971,4109,12108,4207,12764,8316,24872,31702,8881,22821,1486,31702,201,1611,28870,1020,1486
0500000US13189,"McDuffie County, Georgia",21727,10244,11483,2883,7361,2945,8538,5828,15899,21509,8731,12778,218,21509,8764,729,11433,583,218
0500000US13191,"McIntosh County, Georgia",11291,5691,5600,1145,4546,816,4784,1961,9330,11170,4505,6665,121,11170,3606,277,6929,358,121
0500000US13193,"Macon County, Georgia",12330,6577,5753,1194,5383,1429,4324,2623,9707,10296,4902,5394,2034,10296,5998,482,3612,204,2034
0500000US13195,"Madison County, Georgia",29906,14592,15314,3635,10957,3876,11438,7511,22395,29670,11057,18613,236,29670,2483,1822,23915,1450,236
0500000US13197,"Marion County, Georgia",7563,3658,3905,722,2936,1076,2829,1798,5765,7466,3026,4440,97,7466,2244,606,4358,258,97
0500000US13199,"Meriwether County, Georgia",20659,9977,10682,2535,7442,2482,8200,5017,15642,20500,9240,11260,159,20500,8066,516,11611,307,159
0500000US13201,"Miller County, Georgia",5984,2861,3123,740,2121,719,2404,1459,4525,5846,2182,3664,138,5846,1577,178,3955,136,138
0500000US13205,"Mitchell County, Georgia",21940,11597,10343,2751,8846,2617,7726,5368,16572,19681,9336,10345,2259,19681,9092,693,9312,584,2259
0500000US13207,"Monroe County, Georgia",27825,14032,13793,3524,10508,3203,10590,6727,21098,26633,7318,19315,1192,26633,5656,575,19701,701,1192
0500000US13209,"Montgomery County, Georgia",8701,4375,4326,1265,3110,1101,3225,2366,6335,7866,3304,4562,835,7866,1766,584,5418,98,835
0500000US13211,"Morgan County, Georgia",19694,9676,10018,2587,7089,2277,7741,4864,14830,19367,3477,15890,327,19367,4263,629,14115,360,327
0500000US13213,"Murray County, Georgia",39853,19947,19906,5591,14356,5232,14674,10823,29030,39323,13473,25850,530,39323,232,6123,31877,1091,530
0500000US13215,"Muscogee County, Georgia",204366,99765,104601,29320,70445,27311,77290,56631,147735,197913,74478,123435,6453,197913,91914,15668,77040,13291,6453
0500000US13217,"Newton County, Georgia",111262,52796,58466,16556,36240,15855,42611,32411,78851,109616,31542,78074,1646,109616,50119,6578,47872,5047,1646
0500000US13219,"Oconee County, Georgia",41006,20336,20670,6322,14014,5772,14898,12094,28912,40727,4709,36018,279,40727,1435,2293,33986,3013,279
0500000US13221,"Oglethorpe County, Georgia",14779,7544,7235,2127,5417,1570,5665,3697,11082,14610,4322,10288,169,14610,2526,785,10946,353,169
0500000US13223,"Paulding County, Georgia",165688,81084,84604,23874,57210,23376,61228,47250,118438,164651,29154,135497,1037,164651,33368,11759,111301,8223,1037
0500000US13225,"Peach County, Georgia",27822,13598,14224,3947,9651,3831,10393,7778,20044,25918,9069,16849,1904,25918,11220,2108,12214,376,1904
0500000US13227,"Pickens County, Georgia",32814,16472,16342,3886,12586,3266,13076,7152,25662,32578,8874,23704,236,32578,382,1047,28087,3062,236
0500000US13229,"Pierce County, Georgia",19644,9906,9738,2920,6986,2476,7262,5396,14248,19472,8069,11403,172,19472,1933,982,16370,187,172
0500000US13231,"Pike County, Georgia",18754,9248,9506,2599,6649,2321,7185,4920,13834,18458,3744,14714,296,18458,1531,317,16137,473,296
0500000US13233,"Polk County, Georgia",42692,20936,21756,5920,15016,5946,15810,11866,30826,42439,16100,26339,253,42439,5212,5717,30357,1153,253
0500000US13235,"Pulaski County, Georgia",10001,4461,5540,1035,3426,909,4631,1944,8057,8566,2890,5676,1435,8566,3054,385,5032,95,1435
0500000US13237,"Putnam County, Georgia",21870,10448,11422,2100,8348,2614,8808,4714,17156,21732,7467,14265,138,21732,5794,1365,14151,422,138
0500000US13239,"Quitman County, Georgia",2249,1160,1089,157,1003,136,953,293,1956,2249,893,1356,0,2249,1176,32,912,129,0
0500000US13241,"Rabun County, Georgia",16731,8207,8524,1518,6689,1601,6923,3119,13612,16444,6115,10329,287,16444,171,1317,14462,494,287
0500000US13243,"Randolph County, Georgia",6503,3018,3485,909,2109,1020,2465,1929,4574,6250,3791,2459,253,6250,4086,117,1934,113,253
0500000US13245,"Richmond County, Georgia",205772,100200,105572,28052,72148,25810,79762,53862,151910,195580,78960,116620,10192,195580,110810,9486,64301,10983,10192
0500000US13247,"Rockdale County, Georgia",92983,43990,48993,12869,31121,12499,36494,25368,67615,92044,29185,62859,939,92044,51847,9581,26133,4483,939
0500000US13249,"Schley County, Georgia",4622,2232,2390,537,1695,639,1751,1176,3446,4622,1555,3067,0,4622,1172,189,3151,110,0
0500000US13251,"Screven County, Georgia",14028,6790,7238,1567,5223,1724,5514,3291,10737,13629,5552,8077,399,13629,5594,329,7517,189,399
0500000US13253,"Seminole County, Georgia",9108,4389,4719,1095,3294,865,3854,1960,7148,9008,3601,5407,100,9008,2953,320,5543,192,100
0500000US13255,"Spalding County, Georgia",66722,32204,34518,8739,23465,8246,26272,16985,49737,65491,23872,41619,1231,65491,22323,3275,37257,2636,1231
0500000US13257,"Stephens County, Georgia",26641,12820,13821,3176,9644,3403,10418,6579,20062,25483,8958,16525,1158,25483,2726,941,20918,898,1158
0500000US13259,"Stewart County, Georgia",5347,3683,1664,428,3255,279,1385,707,4640,3378,1563,1815,1969,3378,2370,33,918,57,1969
0500000US13261,"Sumter County, Georgia",29690,13978,15712,3818,10160,4164,11548,7982,21708,27656,12459,15197,2034,27656,14123,1644,10904,985,2034
0500000US13263,"Talbot County, Georgia",5837,2813,3024,546,2267,616,2408,1162,4675,5805,2508,3297,32,5805,3279,38,2356,132,32
0500000US13265,"Taliaferro County, Georgia",1574,778,796,115,663,91,705,206,1368,1574,696,878,0,1574,877,64,541,92,0
0500000US13267,"Tattnall County, Georgia",23211,13512,9699,3003,10509,2287,7412,5290,17921,19066,7402,11664,4145,19066,3986,2544,11879,657,4145
0500000US13269,"Taylor County, Georgia",7857,3832,4025,1025,2807,755,3270,1780,6077,7708,3781,3927,149,7708,3085,59,4438,126,149
0500000US13271,"Telfair County, Georgia",12860,7541,5319,1647,5894,1348,3971,2995,9865,9990,4878,5112,2870,9990,3377,785,5777,51,2870
0500000US13273,"Terrell County, Georgia",9102,4550,4552,1375,3175,962,3590,2337,6765,8784,4188,4596,318,8784,5031,252,3112,389,318
0500000US13275,"Thomas County, Georgia",45669,21795,23874,6080,15715,5772,18102,11852,33817,45076,14612,30464,593,45076,16341,1736,25958,1041,593
0500000US13277,"Tift County, Georgia",41148,20065,21083,6217,13848,5842,15241,12059,29089,39156,16438,22718,1992,39156,11631,4961,20975,1589,1992
0500000US13279,"Toombs County, Georgia",26956,12662,14294,4052,8610,3944,10350,7996,18960,26601,11703,14898,355,26601,6879,3154,15689,879,355
0500000US13281,"Towns County, Georgia",12300,5844,6456,1024,4820,1103,5353,2127,10173,11426,3361,8065,874,11426,135,314,10841,136,874
0500000US13283,"Treutlen County, Georgia",6410,3586,2824,1076,2510,724,2100,1800,4610,6042,2933,3109,368,6042,1572,32,4371,67,368
0500000US13285,"Troup County, Georgia",69483,33316,36167,9647,23669,9178,26989,18825,50658,67841,25082,42759,1642,67841,24733,2627,37679,2802,1642
0500000US13287,"Turner County, Georgia",8856,4323,4533,1205,3118,1172,3361,2377,6479,8568,4304,4264,288,8568,3249,437,4538,344,288
0500000US13289,"Twiggs County, Georgia",8034,3997,4037,890,3107,855,3182,1745,6289,7984,2396,5588,50,7984,3311,68,4386,219,50
0500000US13291,"Union County, Georgia",24183,11896,12287,2223,9673,2101,10186,4324,19859,23629,8693,14936,554,23629,66,880,22175,508,554
0500000US13293,"Upson County, Georgia",27424,13247,14177,3773,9474,3259,10918,7032,20392,26587,10535,16052,837,26587,7754,645,17686,502,837
0500000US13295,"Walker County, Georgia",67772,33474,34298,8480,24994,7647,26651,16127,51645,66214,23483,42731,1558,66214,2419,1614,60084,2097,1558
0500000US13297,"Walton County, Georgia",95453,46597,48856,12896,33701,12796,36060,25692,69761,94356,23620,70736,1097,94356,17323,4682,68741,3610,1097
0500000US13299,"Ware County, Georgia",36084,18151,17933,5060,13091,4726,13207,9786,26298,33570,15175,18395,2514,33570,9582,1515,21568,905,2514
0500000US13301,"Warren County, Georgia",5218,2470,2748,538,1932,613,2135,1151,4067,5152,2246,2906,66,5152,3115,0,1950,87,66
0500000US13303,"Washington County, Georgia",20052,10283,9769,2498,7785,2342,7427,4840,15212,18144,8670,9474,1908,18144,9271,372,7889,612,1908
0500000US13305,"Wayne County, Georgia",30118,15237,14881,4032,11205,4144,10737,8176,21942,28201,11647,16554,1917,28201,4622,1766,20611,1202,1917
0500000US13307,"Webster County, Georgia",2372,1170,1202,271,899,297,905,568,1804,2368,1068,1300,4,2368,922,405,973,68,4
0500000US13309,"Wheeler County, Georgia",7568,5140,2428,1460,3680,635,1793,2095,5473,7390,3432,3958,178,7390,2454,695,4195,46,178
0500000US13311,"White County, Georgia",27886,13782,14104,3202,10580,2929,11175,6131,21755,27211,7339,19872,675,27211,390,776,24896,1149,675
0500000US13313,"Whitfield County, Georgia",103076,51621,51455,15138,36483,14453,37002,29591,73485,101659,38520,63139,1417,101659,3280,37063,58128,3188,1417
0500000US13315,"Wilcox County, Georgia",8841,5442,3399,1083,4359,865,2534,1948,6893,6884,3277,3607,1957,6884,1810,244,4717,113,1957
0500000US13317,"Wilkes County, Georgia",9643,4713,4930,1134,3579,1057,3873,2191,7452,9506,3929,5577,137,9506,3877,521,4866,242,137
0500000US13319,"Wilkinson County, Georgia",8931,4273,4658,1110,3163,1164,3494,2274,6657,8798,3770,5028,133,8798,3408,240,4906,244,133
0500000US13321,"Worth County, Georgia",20824,9951,10873,2485,7466,2470,8403,4955,15869,20507,7496,13011,317,20507,5667,478,13824,538,317
0500000US15001,"Hawaii County, Hawaii",200468,99868,100600,24331,75537,23018,77582,47349,153119,197496,54405,143091,2972,197496,1414,26602,59173,110307,2972
0500000US15003,"Honolulu County, Hawaii",1015167,513520,501647,123421,390099,115096,386551,238517,776650,982273,175652,806621,32894,982273,22654,98908,168527,692184,32894
0500000US15005,"Kalawao County, Hawaii",48,26,22,1,25,0,22,1,47,43,12,31,5,43,2,3,11,27,5
0500000US15007,"Kauai County, Hawaii",73247,36530,36717,9060,27470,8457,28260,17517,55730,72329,16137,56192,918,72329,382,8361,21232,42354,918
0500000US15009,"Maui County, Hawaii",164568,82228,82340,20182,62046,18703,63637,38885,125683,162577,31431,131146,1991,162577,1044,19063,48203,94267,1991
0500000US16001,"Ada County, Idaho",485246,244102,241144,64450,179652,61420,179724,125870,359376,475109,96251,378858,10137,475109,5963,40384,397408,31354,10137
0500000US16003,"Adams County, Idaho",4321,2260,2061,404,1856,336,1725,740,3581,4284,1315,2969,37,4284,6,167,3912,199,37
0500000US16005,"Bannock County, Idaho",86362,43309,43053,13032,30277,12307,30746,25339,61023,84158,25915,58243,2204,84158,544,7678,69636,6300,2204
0500000US16007,"Bear Lake County, Idaho",6327,3181,3146,986,2195,927,2219,1913,4414,6280,1848,4432,47,6280,14,269,5806,191,47
0500000US16009,"Benewah County, Idaho",9509,4851,4658,1185,3666,1118,3540,2303,7206,9375,3516,5859,134,9375,61,397,7897,1020,134
0500000US16011,"Bingham County, Idaho",47540,23821,23719,8072,15749,7886,15833,15958,31582,46990,15526,31464,550,46990,14,8703,34444,3829,550
0500000US16013,"Blaine County, Idaho",23868,12377,11491,3347,9030,2431,9060,5778,18090,23827,6137,17690,41,23827,128,5569,17078,1052,41
0500000US16015,"Boise County, Idaho",7549,3832,3717,673,3159,732,2985,1405,6144,7531,1751,5780,18,7531,17,392,6652,470,18
0500000US16017,"Bonner County, Idaho",46481,23300,23181,5116,18184,4866,18315,9982,36499,46060,13244,32816,421,46060,133,1634,42073,2220,421
0500000US16019,"Bonneville County, Idaho",121771,61261,60510,20866,40395,19587,40923,40453,81318,120707,34365,86342,1064,120707,489,16503,98766,4949,1064
0500000US16021,"Boundary County, Idaho",11966,6019,5947,1645,4374,1370,4577,3015,8951,11887,3438,8449,79,11887,26,629,10558,674,79
0500000US16023,"Butte County, Idaho",2573,1330,1243,342,988,309,934,651,1922,2544,1009,1535,29,2544,0,167,2305,72,29
0500000US16025,"Camas County, Idaho",1044,454,590,144,310,182,408,326,718,1044,335,709,0,1044,0,76,926,42,0
0500000US16027,"Canyon County, Idaho",227367,113257,114110,35937,77320,34386,79724,70323,157044,224206,70988,153218,3161,224206,1116,57965,153712,11413,3161
0500000US16029,"Caribou County, Idaho",7003,3558,3445,1083,2475,1015,2430,2098,4905,6915,1395,5520,88,6915,0,453,6294,168,88
0500000US16031,"Cassia County, Idaho",24469,12487,11982,4285,8202,4096,7886,8381,16088,24177,8204,15973,292,24177,14,6720,16437,1006,292
0500000US16033,"Clark County, Idaho",839,441,398,166,275,79,319,245,594,839,288,551,0,839,6,329,410,94,0
0500000US16035,"Clearwater County, Idaho",8719,4851,3868,850,4001,690,3178,1540,7179,7895,2451,5444,824,7895,27,320,7141,407,824
0500000US16037,"Custer County, Idaho",4273,2277,1996,398,1879,402,1594,800,3473,4244,1541,2703,29,4244,3,192,3746,303,29
0500000US16039,"Elmore County, Idaho",28396,15017,13379,4445,10572,3615,9764,8060,20336,27459,10376,17083,937,27459,699,4950,19350,2460,937
0500000US16041,"Franklin County, Idaho",14036,7359,6677,2723,4636,2233,4444,4956,9080,13913,4037,9876,123,13913,0,979,12523,411,123
0500000US16043,"Fremont County, Idaho",13370,6980,6390,1917,5063,1813,4577,3730,9640,12810,3101,9709,560,12810,13,1512,10986,299,560
0500000US16045,"Gem County, Idaho",18692,9425,9267,2532,6893,2130,7137,4662,14030,18212,4817,13395,480,18212,18,1478,15542,1174,480
0500000US16047,"Gooding County, Idaho",15422,7855,7567,2169,5686,2409,5158,4578,10844,15310,5302,10008,112,15310,2,4580,10159,569,112
0500000US16049,"Idaho County, Idaho",16494,8729,7765,1878,6851,1652,6113,3530,12964,15928,5548,10380,566,15928,9,532,14465,922,566
0500000US16051,"Jefferson County, Idaho",30427,15435,14992,5680,9755,5481,9511,11161,19266,30358,9126,21232,69,30358,21,3233,26117,987,69
0500000US16053,"Jerome County, Idaho",24081,12144,11937,3915,8229,4010,7927,7925,16156,23873,8747,15126,208,23873,18,8962,14186,707,208
0500000US16055,"Kootenai County, Idaho",168317,83674,84643,21738,61936,20371,64272,42109,126208,166430,41112,125318,1887,166430,378,8395,147027,10630,1887
0500000US16057,"Latah County, Idaho",39464,20185,19279,4837,15348,5042,14237,9879,29585,36415,11099,25316,3049,36415,432,1635,31611,2737,3049
0500000US16059,"Lemhi County, Idaho",7948,4153,3795,913,3240,756,3039,1669,6279,7827,2328,5499,121,7827,0,237,7331,259,121
0500000US16061,"Lewis County, Idaho",3613,1739,1874,396,1343,514,1360,910,2703,3596,1409,2187,17,3596,39,176,2927,454,17
0500000US16063,"Lincoln County, Idaho",5184,2735,2449,818,1917,730,1719,1548,3636,5140,1751,3389,44,5140,0,1630,3309,201,44
0500000US16065,"Madison County, Idaho",50979,26114,24865,8421,17693,8880,15985,17301,33678,50663,22491,28172,316,50663,246,4044,44442,1931,316
0500000US16067,"Minidoka County, Idaho",21393,10777,10616,3432,7345,3370,7246,6802,14591,21227,8385,12842,166,21227,12,7622,12916,677,166
0500000US16069,"Nez Perce County, Idaho",41820,20740,21080,5301,15439,4891,16189,10192,31628,40862,11577,29285,958,40862,45,1753,35348,3716,958
0500000US16071,"Oneida County, Idaho",4514,2241,2273,631,1610,666,1607,1297,3217,4490,912,3578,24,4490,3,202,4141,144,24
0500000US16073,"Owyhee County, Idaho",11815,6173,5642,1961,4212,1493,4149,3454,8361,11672,4062,7610,143,11672,37,3044,8026,565,143
0500000US16075,"Payette County, Idaho",24928,12435,12493,3658,8777,3562,8931,7220,17708,24671,7142,17529,257,24671,48,4347,18921,1355,257
0500000US16077,"Power County, Idaho",7854,3931,3923,1232,2699,1443,2480,2675,5179,7818,3161,4657,36,7818,3,2702,4746,367,36
0500000US16079,"Shoshone County, Idaho",13124,6569,6555,1449,5120,1563,4992,3012,10112,12918,4837,8081,206,12918,99,503,11651,665,206
0500000US16081,"Teton County, Idaho",11490,6012,5478,1450,4562,1435,4043,2885,8605,11478,2868,8610,12,11478,0,1879,9270,329,12
0500000US16083,"Twin Falls County, Idaho",89128,44204,44924,13600,30604,13077,31847,26677,62451,88051,27627,60424,1077,88051,572,15080,67607,4792,1077
0500000US16085,"Valley County, Idaho",11476,5753,5723,961,4792,1168,4555,2129,9347,11352,3961,7391,124,11352,3,531,10701,117,124
0500000US16087,"Washington County, Idaho",10425,5182,5243,1346,3836,1293,3950,2639,7786,10330,4382,5948,95,10330,8,1747,8084,491,95
0500000US17001,"Adams County, Illinois",65878,32414,33464,8394,24020,8051,25413,16445,49433,64573,16800,47773,1305,64573,2472,1068,58979,2054,1305
0500000US17003,"Alexander County, Illinois",5488,2652,2836,644,2008,785,2051,1429,4059,5364,2354,3010,124,5364,1803,62,3374,125,124
0500000US17005,"Bond County, Illinois",16804,8877,7927,2036,6841,1668,6259,3704,13100,14807,4501,10306,1997,14807,421,455,13735,196,1997
0500000US17007,"Boone County, Illinois",53592,26786,26806,7518,19268,7362,19444,14880,38712,52988,12297,40691,604,52988,1363,12162,38026,1437,604
0500000US17009,"Brown County, Illinois",6330,4067,2263,630,3437,544,1719,1174,5156,4437,1236,3201,1893,4437,0,201,4171,65,1893
0500000US17011,"Bureau County, Illinois",33338,16417,16921,3950,12467,3850,13071,7800,25538,32845,9174,23671,493,32845,182,3162,28425,1076,493
0500000US17013,"Calhoun County, Illinois",4537,2334,2203,522,1812,517,1686,1039,3498,4421,755,3666,116,4421,6,32,4264,119,116
0500000US17015,"Carroll County, Illinois",15586,7842,7744,1745,6097,1662,6082,3407,12179,14712,4201,10511,874,14712,88,456,13634,534,874
0500000US17017,"Cass County, Illinois",13058,6562,6496,1799,4763,1710,4786,3509,9549,12919,4053,8866,139,12919,451,2575,9548,345,139
0500000US17019,"Champaign County, Illinois",206583,103293,103290,27806,75487,26228,77062,54034,152549,191377,62716,128661,15206,191377,25605,11293,126434,28045,15206
0500000US17021,"Christian County, Illinois",34038,17451,16587,4076,13375,3830,12757,7906,26132,32222,9386,22836,1816,32222,336,369,30918,599,1816
0500000US17023,"Clark County, Illinois",15587,7765,7822,2040,5725,1894,5928,3934,11653,15311,3041,12270,276,15311,92,256,14797,166,276
0500000US17025,"Clay County, Illinois",13313,6645,6668,1703,4942,1643,5025,3346,9967,13089,4469,8620,224,13089,46,21,12525,497,224
0500000US17027,"Clinton County, Illinois",37048,19318,17730,4496,14822,4174,13556,8670,28378,34885,6837,28048,2163,34885,279,955,32731,920,2163
0500000US17029,"Coles County, Illinois",47542,23096,24446,5510,17586,5578,18868,11088,36454,43948,15154,28794,3594,43948,957,1114,40517,1360,3594
0500000US17031,"Cook County, Illinois",5265398,2570478,2694920,649553,1920925,627082,2067838,1276635,3988763,5179874,1409889,3769985,85524,5179874,1184427,1335005,2153075,507367,85524
0500000US17033,"Crawford County, Illinois",18825,10107,8718,2092,8015,1964,6754,4056,14769,16656,4432,12224,2169,16656,67,203,16041,345,2169
0500000US17035,"Cumberland County, Illinois",10528,5369,5159,1378,3991,1220,3939,2598,7930,10346,2027,8319,182,10346,0,110,9967,269,182
0500000US17037,"DeKalb County, Illinois",100922,50067,50855,13617,36450,13365,37490,26982,73940,96616,25786,70830,4306,96616,6827,11352,73745,4692,4306
0500000US17039,"De Witt County, Illinois",15653,7851,7802,1829,6022,1849,5953,3678,11975,15373,3859,11514,280,15373,94,447,14579,253,280
0500000US17041,"Douglas County, Illinois",19708,9777,9931,2676,7101,2743,7188,5419,14289,19352,5016,14336,356,19352,119,1414,17372,447,356
0500000US17043,"DuPage County, Illinois",934094,461851,472243,120778,341073,114914,357329,235692,698402,921231,130855,790376,12863,921231,44854,134215,602182,139980,12863
0500000US17045,"Edgar County, Illinois",16998,8432,8566,1914,6518,1792,6774,3706,13292,16675,4957,11718,323,16675,49,217,16150,259,323
0500000US17047,"Edwards County, Illinois",6233,3079,3154,761,2318,791,2363,1552,4681,6186,1657,4529,47,6186,12,83,5933,158,47
0500000US17049,"Effingham County, Illinois",34576,17305,17271,4609,12696,4391,12880,9000,25576,34019,8035,25984,557,34019,181,760,32415,663,557
0500000US17051,"Fayette County, Illinois",21514,11408,10106,2600,8808,2409,7697,5009,16505,20015,7077,12938,1499,20015,181,214,19276,344,1499
0500000US17053,"Ford County, Illinois",13589,6754,6835,1771,4983,1646,5189,3417,10172,13161,3748,9413,428,13161,81,491,12192,397,428
0500000US17055,"Franklin County, Illinois",38068,18912,19156,4783,14129,4466,14690,9249,28819,37289,13317,23972,779,37289,192,686,35524,887,779
0500000US17057,"Fulton County, Illinois",34022,17869,16153,3760,14109,3618,12535,7378,26644,31593,9792,21801,2429,31593,150,606,30181,656,2429
0500000US17059,"Gallatin County, Illinois",5038,2490,2548,578,1912,563,1985,1141,3897,5035,1494,3541,3,5035,11,76,4807,141,3
0500000US17061,"Greene County, Illinois",12187,6177,6010,1450,4727,1419,4591,2869,9318,11868,3842,8026,319,11868,26,135,11521,186,319
0500000US17063,"Grundy County, Illinois",52364,26245,26119,7548,18697,6906,19213,14454,37910,51791,8944,42847,573,51791,625,5492,43929,1745,573
0500000US17065,"Hamilton County, Illinois",8021,3883,4138,848,3035,982,3156,1830,6191,7929,2536,5393,92,7929,9,132,7570,218,92
0500000US17067,"Hancock County, Illinois",17750,8955,8795,2155,6800,1896,6899,4051,13699,17517,4581,12936,233,17517,89,287,16757,384,233
0500000US17069,"Hardin County, Illinois",3700,1948,1752,311,1637,266,1486,577,3123,3623,1085,2538,77,3623,0,46,3514,63,77
0500000US17071,"Henderson County, Illinois",6485,3237,3248,664,2573,634,2614,1298,5187,6428,1508,4920,57,6428,0,119,6112,197,57
0500000US17073,"Henry County, Illinois",49412,24620,24792,6237,18383,5832,18960,12069,37343,48520,10846,37674,892,48520,841,2903,43689,1087,892
0500000US17075,"Iroquois County, Illinois",27362,13415,13947,3347,10068,3293,10654,6640,20722,26673,7851,18822,689,26673,196,1971,23794,712,689
0500000US17077,"Jackson County, Illinois",53676,26485,27191,6633,19852,6390,20801,13023,40653,50045,21259,28786,3631,50045,6928,2165,37124,3828,3631
0500000US17079,"Jasper County, Illinois",9324,4703,4621,1220,3483,1105,3516,2325,6999,9244,2284,6960,80,9244,9,63,8993,179,80
0500000US17081,"Jefferson County, Illinois",37362,19409,17953,4757,14652,4401,13552,9158,28204,35312,11105,24207,2050,35312,2413,883,30352,1664,2050
0500000US17083,"Jersey County, Illinois",21533,10627,10906,2621,8006,2394,8512,5015,16518,20525,3894,16631,1008,20525,21,254,19700,550,1008
0500000US17085,"Jo Daviess County, Illinois",21995,11122,10873,2400,8722,2155,8718,4555,17440,21795,4856,16939,200,21795,113,686,20542,454,200
0500000US17087,"Johnson County, Illinois",13238,7259,5979,1407,5852,1398,4581,2805,10433,10924,2901,8023,2314,10924,6,213,10549,156,2314
0500000US17089,"Kane County, Illinois",518648,259680,258968,74588,185092,70662,188306,145250,373398,512156,99913,412243,6492,512156,26866,165418,288253,31619,6492
0500000US17091,"Kankakee County, Illinois",108104,53567,54537,14500,39067,13941,40596,28441,79663,103860,29490,74370,4244,103860,15026,11513,73606,3715,4244
0500000US17093,"Kendall County, Illinois",130757,64996,65761,20769,44227,19875,45886,40644,90113,130219,14875,115344,538,130219,10578,26170,86859,6612,538
0500000US17095,"Knox County, Illinois",50193,25526,24667,6066,19460,5642,19025,11708,38485,45947,16543,29404,4246,45947,2894,2533,39211,1309,4246
0500000US17097,"Lake County, Illinois",714484,358911,355573,100553,258358,94318,261255,194871,519613,696696,124615,572081,17788,696696,44966,156116,418927,76687,17788
0500000US17099,"LaSalle County, Illinois",109986,55773,54213,13362,42411,12670,41543,26032,83954,106416,27686,78730,3570,106416,1889,10729,90902,2896,3570
0500000US17101,"Lawrence County, Illinois",15465,8788,6677,1636,7152,1565,5112,3201,12264,13070,3960,9110,2395,13070,299,74,12221,476,2395
0500000US17103,"Lee County, Illinois",34373,18332,16041,3830,14502,3689,12352,7519,26854,31228,7437,23791,3145,31228,633,1861,28062,672,3145
0500000US17105,"Livingston County, Illinois",35902,18283,17619,4595,13688,4054,13565,8649,27253,33768,9092,24676,2134,33768,547,1496,30746,979,2134
0500000US17107,"Logan County, Illinois",28238,13919,14319,3294,10625,3093,11226,6387,21851,24372,5573,18799,3866,24372,308,553,22592,919,3866
0500000US17109,"McDonough County, Illinois",27743,13365,14378,3388,9977,3644,10734,7032,20711,24703,8995,15708,3040,24703,595,553,22276,1279,3040
0500000US17111,"McHenry County, Illinois",310749,155410,155339,41261,114149,39273,116066,80534,230215,308380,42464,265916,2369,308380,4562,42478,245383,15957,2369
0500000US17113,"McLean County, Illinois",171455,83625,87830,22788,60837,23288,64542,46076,125379,162474,41648,120826,8981,162474,12595,8090,128994,12795,8981
0500000US17115,"Macon County, Illinois",104331,50215,54116,13418,36797,12837,41279,26255,78076,100876,28944,71932,3455,100876,16050,2351,76458,6017,3455
0500000US17117,"Macoupin County, Illinois",45152,22341,22811,5564,16777,5088,17723,10652,34500,44214,13449,30765,938,44214,375,547,42267,1025,938
0500000US17119,"Madison County, Illinois",266112,130389,135723,33365,97024,31384,104339,64749,201363,260362,63688,196674,5750,260362,22171,9118,218787,10286,5750
0500000US17121,"Marion County, Illinois",37781,18530,19251,4898,13632,4798,14453,9696,28085,36567,12313,24254,1214,36567,1301,753,33339,1174,1214
0500000US17123,"Marshall County, Illinois",11781,5875,5906,1347,4528,1289,4617,2636,9145,11315,2758,8557,466,11315,70,348,10625,272,466
0500000US17125,"Mason County, Illinois",13225,6575,6650,1527,5048,1499,5151,3026,10199,13047,3988,9059,178,13047,20,161,12587,279,178
0500000US17127,"Massac County, Illinois",14280,6887,7393,1666,5221,1759,5634,3425,10855,13961,4373,9588,319,13961,857,446,12121,537,319
0500000US17129,"Menard County, Illinois",12343,6020,6323,1491,4529,1578,4745,3069,9274,12194,2049,10145,149,12194,83,201,11645,265,149
0500000US17131,"Mercer County, Illinois",15779,7972,7807,1947,6025,1800,6007,3747,12032,15545,3669,11876,234,15545,35,407,14744,359,234
0500000US17133,"Monroe County, Illinois",34732,17258,17474,4348,12910,4136,13338,8484,26248,34390,3450,30940,342,34390,62,558,33048,722,342
0500000US17135,"Montgomery County, Illinois",28482,15173,13309,3214,11959,3083,10226,6297,22185,25554,6859,18695,2928,25554,156,255,24687,456,2928
0500000US17137,"Morgan County, Illinois",33189,16687,16502,3663,13024,4052,12450,7715,25474,30400,9299,21101,2789,30400,1387,531,27504,978,2789
0500000US17139,"Moultrie County, Illinois",14634,7184,7450,2109,5075,1962,5488,4071,10563,14344,2994,11350,290,14344,93,226,13850,175,290
0500000US17141,"Ogle County, Illinois",51787,25810,25977,6698,19112,6401,19576,13099,38688,50984,12200,38784,803,50984,521,5431,43491,1541,803
0500000US17143,"Peoria County, Illinois",182439,88947,93492,24902,64045,23667,69825,48569,133870,177425,52588,124837,5014,177425,31286,8945,121976,15218,5014
0500000US17145,"Perry County, Illinois",21158,11656,9502,2369,9287,2206,7296,4575,16583,18496,6230,12266,2662,18496,245,337,17332,582,2662
0500000US17147,"Piatt County, Illinois",16664,8222,8442,2031,6191,2035,6407,4066,12598,16600,2807,13793,64,16600,90,244,15905,361,64
0500000US17149,"Pike County, Illinois",14923,7457,7466,1945,5512,1790,5676,3735,11188,14403,4573,9830,520,14403,38,164,13865,336,520
0500000US17151,"Pope County, Illinois",3820,1811,2009,269,1542,499,1510,768,3052,3609,1258,2351,211,3609,46,71,3366,126,211
0500000US17153,"Pulaski County, Illinois",5279,2547,2732,623,1924,651,2081,1274,4005,5218,2029,3189,61,5218,1556,123,3342,197,61
0500000US17155,"Putnam County, Illinois",5638,2865,2773,646,2219,593,2180,1239,4399,5628,1042,4586,10,5628,9,336,5162,121,10
0500000US17157,"Randolph County, Illinois",30632,17311,13321,3664,13647,3050,10271,6714,23918,27029,7580,19449,3603,27029,1221,743,24578,487,3603
0500000US17159,"Richland County, Illinois",15876,7834,8042,2088,5746,1985,6057,4073,11803,15542,4379,11163,334,15542,80,272,14684,506,334
0500000US17161,"Rock Island County, Illinois",144694,71714,72980,18710,53004,17770,55210,36480,108214,139680,41095,98585,5014,139680,14639,18612,99387,7042,5014
0500000US17163,"St. Clair County, Illinois",258597,125532,133065,34514,91018,32471,100594,66985,191612,254013,67659,186354,4584,254013,73910,11074,154114,14915,4584
0500000US17165,"Saline County, Illinois",23869,11712,12157,2915,8797,2684,9473,5599,18270,23335,8538,14797,534,23335,570,391,21408,966,534
0500000US17167,"Sangamon County, Illinois",196759,94933,101826,24855,70078,23514,78312,48369,148390,192932,48964,143968,3827,192932,24296,4528,153638,10470,3827
0500000US17169,"Schuyler County, Illinois",6953,3803,3150,767,3036,626,2524,1393,5560,6882,1935,4947,71,6882,320,72,6386,104,71
0500000US17171,"Scott County, Illinois",4923,2443,2480,602,1841,569,1911,1171,3752,4861,1197,3664,62,4861,12,20,4664,165,62
0500000US17173,"Shelby County, Illinois",21160,10440,10720,2529,7911,2457,8263,4986,16174,20977,5426,15551,183,20977,64,231,20329,353,183
0500000US17175,"Stark County, Illinois",5436,2692,2744,637,2055,628,2116,1265,4171,5308,1381,3927,128,5308,44,114,4997,153,128
0500000US17177,"Stephenson County, Illinois",44817,21975,22842,5434,16541,5101,17741,10535,34282,44079,13782,30297,738,44079,4099,1922,35954,2104,738
0500000US17179,"Tazewell County, Illinois",131977,65184,66793,16706,48478,16242,50551,32948,99029,129305,27593,101712,2672,129305,1187,3093,121350,3675,2672
0500000US17181,"Union County, Illinois",17259,8724,8535,2158,6566,1877,6658,4035,13224,17000,5962,11038,259,17000,215,929,15479,377,259
0500000US17183,"Vermilion County, Illinois",74953,37518,37435,10018,27500,9485,27950,19503,55450,71696,25678,46018,3257,71696,9317,3434,56999,1946,3257
0500000US17185,"Wabash County, Illinois",11414,5658,5756,1451,4207,1307,4449,2758,8656,11290,3397,7893,124,11290,6,259,10609,416,124
0500000US17187,"Warren County, Illinois",16887,8329,8558,2270,6059,2198,6360,4468,12419,15794,4170,11624,1093,15794,542,1538,13184,530,1093
0500000US17189,"Washington County, Illinois",13827,6936,6891,1642,5294,1589,5302,3231,10596,13589,2612,10977,238,13589,97,201,13059,232,238
0500000US17191,"Wayne County, Illinois",16250,8083,8167,2078,6005,1973,6194,4051,12199,16200,5495,10705,50,16200,170,262,15590,178,50
0500000US17193,"White County, Illinois",13959,6892,7067,1690,5202,1631,5436,3321,10638,13494,4875,8619,465,13494,34,190,13055,215,465
0500000US17195,"Whiteside County, Illinois",55932,28065,27867,7198,20867,6457,21410,13655,42277,54818,14124,40694,1114,54818,563,6870,45930,1455,1114
0500000US17197,"Will County, Illinois",696403,347369,349034,97975,249394,93379,255655,191354,505049,686328,106204,580124,10075,686328,76130,125068,427239,57891,10075
0500000US17199,"Williamson County, Illinois",67271,33700,33571,8284,25416,7816,25755,16100,51171,64782,19180,45602,2489,64782,2211,1697,58231,2643,2489
0500000US17201,"Winnebago County, Illinois",285471,140109,145362,38011,102098,36012,109350,74023,211448,280951,90276,190675,4520,280951,36905,38253,188933,16860,4520
0500000US17203,"Woodford County, Illinois",38571,19271,19300,5349,13922,5071,14229,10420,28151,37472,5677,31795,1099,37472,238,725,35826,683,1099
0500000US18001,"Adams County, Indiana",35685,17938,17747,6397,11541,5798,11949,12195,23490,34933,11428,23505,752,34933,285,1650,32565,433,752
0500000US18003,"Allen County, Indiana",381839,187778,194061,55249,132529,52827,141234,108076,273763,375492,104528,270964,6347,375492,42029,29430,272283,31750,6347
0500000US18005,"Bartholomew County, Indiana",81759,41402,40357,10937,30465,10281,30076,21218,60541,80666,19950,60716,1093,80666,1486,6039,64668,8473,1093
0500000US18007,"Benton County, Indiana",8687,4329,4358,1200,3129,1151,3207,2351,6336,8564,3148,5416,123,8564,51,487,7826,200,123
0500000US18009,"Blackford County, Indiana",12139,6011,6128,1518,4493,1437,4691,2955,9184,11982,4698,7284,157,11982,60,222,11404,296,157
0500000US18011,"Boone County, Indiana",69839,34715,35124,10230,24485,9605,25519,19835,50004,68886,9097,59789,953,68886,1295,2285,61570,3736,953
0500000US18013,"Brown County, Indiana",15444,7656,7788,1444,6212,1422,6366,2866,12578,15220,3589,11631,224,15220,91,293,14478,358,224
0500000US18015,"Carroll County, Indiana",20288,10300,9988,2634,7666,2372,7616,5006,15282,20068,4651,15417,220,20068,111,918,18668,371,220
0500000US18017,"Cass County, Indiana",37918,18868,19050,5035,13833,4599,14451,9634,28284,36889,12437,24452,1029,36889,248,6081,28764,1796,1029
0500000US18019,"Clark County, Indiana",120185,59067,61118,15279,43788,14336,46782,29615,90570,118378,29257,89121,1807,118378,7748,6774,97366,6490,1807
0500000US18021,"Clay County, Indiana",26397,13041,13356,3334,9707,3372,9984,6706,19691,25637,6436,19201,760,25637,121,387,24444,685,760
0500000US18023,"Clinton County, Indiana",33010,16486,16524,5005,11481,4621,11903,9626,23384,32241,10407,21834,769,32241,161,5397,26230,453,769
0500000US18025,"Crawford County, Indiana",10511,5388,5123,1265,4123,1257,3866,2522,7989,10370,3956,6414,141,10370,45,83,9903,339,141
0500000US18027,"Daviess County, Indiana",33281,16685,16596,5391,11294,5297,11299,10688,22593,32709,10787,21922,572,32709,489,1837,29252,1131,572
0500000US18029,"Dearborn County, Indiana",50494,25125,25369,6499,18626,6054,19315,12553,37941,49781,10395,39386,713,49781,208,701,47767,1105,713
0500000US18031,"Decatur County, Indiana",26466,13272,13194,3477,9795,3454,9740,6931,19535,25990,6047,19943,476,25990,23,575,24511,881,476
0500000US18033,"DeKalb County, Indiana",43059,21372,21687,5764,15608,5692,15995,11456,31603,42637,10599,32038,422,42637,85,1275,40251,1026,422
0500000US18035,"Delaware County, Indiana",112480,54343,58137,13705,40638,13809,44328,27514,84966,105171,39285,65886,7309,105171,6381,2561,91443,4786,7309
0500000US18037,"Dubois County, Indiana",43474,21823,21651,5850,15973,5682,15969,11532,31942,42565,9198,33367,909,42565,523,3549,37864,629,909
0500000US18039,"Elkhart County, Indiana",206314,102515,103799,31815,70700,30564,73235,62379,143935,202832,57667,145165,3482,202832,10255,34158,149536,8883,3482
0500000US18041,"Fayette County, Indiana",23393,11476,11917,2863,8613,2803,9114,5666,17727,23016,8214,14802,377,23016,315,326,21647,728,377
0500000US18043,"Floyd County, Indiana",79594,38748,40846,10240,28508,9884,30962,20124,59470,77992,16046,61946,1602,77992,3811,2802,68006,3373,1602
0500000US18045,"Fountain County, Indiana",16422,8235,8187,2110,6125,1869,6318,3979,12443,16234,4793,11441,188,16234,76,439,15389,330,188
0500000US18047,"Franklin County, Indiana",22769,11420,11349,2923,8497,2891,8458,5814,16955,22613,4518,18095,156,22613,11,282,21770,550,156
0500000US18049,"Fulton County, Indiana",20400,10209,10191,2762,7447,2500,7691,5262,15138,19945,5578,14367,455,19945,85,1111,18148,601,455
0500000US18051,"Gibson County, Indiana",33017,16678,16339,4592,12086,4088,12251,8680,24337,32201,7855,24346,816,32201,726,592,29729,1154,816
0500000US18053,"Grant County, Indiana",66802,32122,34680,8306,23816,8372,26308,16678,50124,61306,21074,40232,5496,61306,4471,2898,51546,2391,5496
0500000US18055,"Greene County, Indiana",30924,15598,15326,3806,11792,3615,11711,7421,23503,30517,9062,21455,407,30517,99,552,29286,580,407
0500000US18057,"Hamilton County, Indiana",341616,167909,173707,50795,117114,48375,125332,99170,242446,339636,37107,302529,1980,339636,13093,14567,279332,32644,1980
0500000US18059,"Hancock County, Indiana",78616,38933,39683,10441,28492,9834,29849,20275,58341,77818,11150,66668,798,77818,2059,2103,71079,2577,798
0500000US18061,"Harrison County, Indiana",39516,19817,19699,4929,14888,4758,14941,9687,29829,39024,9351,29673,492,39024,214,812,36982,1016,492
0500000US18063,"Hendricks County, Indiana",172100,86571,85529,24493,62078,22548,62981,47041,125059,168955,20973,147982,3145,168955,12096,7309,139185,10365,3145
0500000US18065,"Henry County, Indiana",48857,25738,23119,5762,19976,5413,17706,11175,37682,45410,13700,31710,3447,45410,699,688,43036,987,3447
0500000US18067,"Howard County, Indiana",83349,40243,43106,10637,29606,10360,32746,20997,62352,81854,21696,60158,1495,81854,6527,3005,68914,3408,1495
0500000US18069,"Huntington County, Indiana",36572,18269,18303,4676,13593,4380,13923,9056,27516,35302,9131,26171,1270,35302,239,940,33277,846,1270
0500000US18071,"Jackson County, Indiana",45948,23119,22829,6614,16505,5649,17180,12263,33685,44676,12956,31720,1272,44676,526,3514,38642,1994,1272
0500000US18073,"Jasper County, Indiana",33006,16545,16461,4451,12094,4240,12221,8691,24315,32176,7733,24443,830,32176,255,2053,28848,1020,830
0500000US18075,"Jay County, Indiana",20570,10441,10129,2944,7497,2670,7459,5614,14956,20263,7122,13141,307,20263,59,664,19184,356,307
0500000US18077,"Jefferson County, Indiana",33000,15809,17191,3868,11941,3823,13368,7691,25309,30719,9140,21579,2281,30719,480,885,28479,875,2281
0500000US18079,"Jennings County, Indiana",27619,13977,13642,3660,10317,3339,10303,6999,20620,26899,7430,19469,720,26899,186,768,25428,517,720
0500000US18081,"Johnson County, Indiana",159739,78792,80947,21893,56899,21321,59626,43214,116525,156591,28553,128038,3148,156591,4012,5954,136831,9794,3148
0500000US18083,"Knox County, Indiana",36362,18550,17812,5002,13548,4324,13488,9326,27036,34269,10411,23858,2093,34269,574,816,31492,1387,2093
0500000US18085,"Kosciusko County, Indiana",80151,40219,39932,10871,29348,10439,29493,21310,58841,78510,17856,60654,1641,78510,485,6467,68368,3190,1641
0500000US18087,"LaGrange County, Indiana",40085,20366,19719,7416,12950,6773,12946,14189,25896,39625,8787,30838,460,39625,50,1683,37212,680,460
0500000US18089,"Lake County, Indiana",495925,241488,254437,66138,175350,63319,191118,129457,366468,490255,141602,348653,5670,490255,113579,97059,261138,18479,5670
0500000US18091,"LaPorte County, Indiana",112184,58178,54006,13710,44468,12798,41208,26508,85676,104283,30665,73618,7901,104283,9262,7275,83066,4680,7901
0500000US18093,"Lawrence County, Indiana",45133,22197,22936,5534,16663,5289,17647,10823,34310,44412,11255,33157,721,44412,105,776,42086,1445,721
0500000US18095,"Madison County, Indiana",130037,65493,64544,16376,49117,15104,49440,31480,98557,123456,37959,85497,6581,123456,8782,5270,104975,4429,6581
0500000US18097,"Marion County, Indiana",969542,469131,500411,134919,334212,129760,370651,264679,704863,950293,318862,631431,19249,950293,265984,103825,507261,73223,19249
0500000US18099,"Marshall County, Indiana",46175,23111,23064,6559,16552,6284,16780,12843,33332,45424,12892,32532,751,45424,314,4791,39451,868,751
0500000US18101,"Martin County, Indiana",9885,5053,4832,1332,3721,1198,3634,2530,7355,9587,2470,7117,298,9587,13,39,9274,261,298
0500000US18103,"Miami County, Indiana",36100,19513,16587,4596,14917,3963,12624,8559,27541,33776,10568,23208,2324,33776,945,1043,30196,1592,2324
0500000US18105,"Monroe County, Indiana",140189,69778,70411,18176,51602,18130,52281,36306,103883,124391,41705,82686,15798,124391,4327,4276,104215,11573,15798
0500000US18107,"Montgomery County, Indiana",37967,19310,18657,5137,14173,4591,14066,9728,28239,36376,10806,25570,1591,36376,301,1818,33264,993,1591
0500000US18109,"Morgan County, Indiana",71394,35621,35773,9295,26326,8689,27084,17984,53410,70156,14637,55519,1238,70156,153,1241,66663,2099,1238
0500000US18111,"Newton County, Indiana",13865,7075,6790,1645,5430,1621,5169,3266,10599,13615,3753,9862,250,13615,139,964,12276,236,250
0500000US18113,"Noble County, Indiana",47293,23884,23409,6566,17318,6200,17209,12766,34527,46237,10909,35328,1056,46237,90,4911,39987,1249,1056
0500000US18115,"Ohio County, Indiana",5931,2938,2993,638,2300,627,2366,1265,4666,5831,1400,4431,100,5831,12,57,5541,221,100
0500000US18117,"Orange County, Indiana",19752,9914,9838,2567,7347,2354,7484,4921,14831,19401,6085,13316,351,19401,313,347,18280,461,351
0500000US18119,"Owen County, Indiana",21280,10844,10436,2553,8291,2405,8031,4958,16322,20836,6540,14296,444,20836,0,257,19958,621,444
0500000US18121,"Parke County, Indiana",16316,7804,8512,2028,5776,1814,6698,3842,12474,14978,5235,9743,1338,14978,103,136,14170,569,1338
0500000US18123,"Perry County, Indiana",19151,10330,8821,2303,8027,2090,6731,4393,14758,17475,4311,13164,1676,17475,145,240,16784,306,1676
0500000US18125,"Pike County, Indiana",12220,6125,6095,1440,4685,1556,4539,2996,9224,11952,2793,9159,268,11952,57,228,11514,153,268
0500000US18127,"Porter County, Indiana",172353,85640,86713,21949,63691,20569,66144,42518,129835,168354,34637,133717,3999,168354,6694,17734,137647,6279,3999
0500000US18129,"Posey County, Indiana",25301,12639,12662,3138,9501,3024,9638,6162,19139,25039,4740,20299,262,25039,334,321,23829,555,262
0500000US18131,"Pulaski County, Indiana",12496,6328,6168,1570,4758,1543,4625,3113,9383,12298,3452,8846,198,12298,7,407,11472,412,198
0500000US18133,"Putnam County, Indiana",36838,19311,17527,4576,14735,4384,13143,8960,27878,31567,7822,23745,5271,31567,133,570,29873,991,5271
0500000US18135,"Randolph County, Indiana",24681,12279,12402,3290,8989,3019,9383,6309,18372,24151,7385,16766,530,24151,58,936,22420,737,530
0500000US18137,"Ripley County, Indiana",28953,14386,14567,4029,10357,3593,10974,7622,21331,28490,6690,21800,463,28490,67,532,27110,781,463
0500000US18139,"Rush County, Indiana",16706,8397,8309,2224,6173,2027,6282,4251,12455,16418,4995,11423,288,16418,95,308,15640,375,288
0500000US18141,"St. Joseph County, Indiana",272049,133194,138855,37573,95621,36237,102618,73810,198239,259742,76044,183698,12307,259742,33526,23715,184780,17721,12307
0500000US18143,"Scott County, Indiana",24290,12133,12157,3147,8986,2944,9213,6091,18199,23436,8469,14967,854,23436,15,604,22134,683,854
0500000US18145,"Shelby County, Indiana",44825,22275,22550,5814,16461,5511,17039,11325,33500,43941,10885,33056,884,43941,405,2045,40352,1139,884
0500000US18147,"Spencer County, Indiana",19949,10128,9821,2443,7685,2313,7508,4756,15193,19692,4369,15323,257,19692,130,605,18580,377,257
0500000US18149,"Starke County, Indiana",23275,11620,11655,3044,8576,2865,8790,5909,17366,23176,7855,15321,99,23176,27,963,21603,583,99
0500000US18151,"Steuben County, Indiana",34379,17567,16812,4337,13230,3871,12941,8208,26171,32730,7677,25053,1649,32730,26,1185,30692,827,1649
0500000US18153,"Sullivan County, Indiana",20814,11140,9674,2316,8824,2337,7337,4653,16161,18515,7058,11457,2299,18515,77,298,17467,673,2299
0500000US18155,"Switzerland County, Indiana",9870,5064,4806,1420,3644,1244,3562,2664,7206,9750,3208,6542,120,9750,6,182,9306,256,120
0500000US18157,"Tippecanoe County, Indiana",185961,95394,90567,26558,68836,25095,65472,51653,134308,169205,58856,110349,16756,169205,9884,15201,127713,16407,16756
0500000US18159,"Tipton County, Indiana",15290,7563,7727,1704,5859,1814,5913,3518,11772,15022,3662,11360,268,15022,36,455,14205,326,268
0500000US18161,"Union County, Indiana",7098,3497,3601,829,2668,803,2798,1632,5466,6945,1722,5223,153,6945,16,160,6561,208,153
0500000US18163,"Vanderburgh County, Indiana",179695,87660,92035,22456,65204,21733,70302,44189,135506,172843,52326,120517,6852,172843,17092,4794,142744,8213,6852
0500000US18165,"Vermillion County, Indiana",15477,7743,7734,1990,5753,1791,5943,3781,11696,15228,5155,10073,249,15228,62,208,14672,286,249
0500000US18167,"Vigo County, Indiana",106523,54283,52240,13908,40375,12389,39851,26297,80226,98399,37029,61370,8124,98399,5630,2298,85508,4963,8124
0500000US18169,"Wabash County, Indiana",31120,15303,15817,3954,11349,3714,12103,7668,23452,29222,8590,20632,1898,29222,139,686,27612,785,1898
0500000US18171,"Warren County, Indiana",8430,4226,4204,1009,3217,991,3213,2000,6430,8318,1970,6348,112,8318,28,180,7918,192,112
0500000US18173,"Warrick County, Indiana",63575,31265,32310,8233,23032,8365,23945,16598,46977,62665,9420,53245,910,62665,1148,1240,57147,3130,910
0500000US18175,"Washington County, Indiana",28025,13883,14142,3520,10363,3522,10620,7042,20983,27625,8902,18723,400,27625,15,365,26622,623,400
0500000US18177,"Wayne County, Indiana",66588,32593,33995,8521,24072,8222,25773,16743,49845,63577,20895,42682,3011,63577,2752,1967,55987,2871,3011
0500000US18179,"Wells County, Indiana",28103,13821,14282,3859,9962,3711,10571,7570,20533,27484,5943,21541,619,27484,208,900,25704,672,619
0500000US18181,"White County, Indiana",24593,12351,12242,3279,9072,3083,9159,6362,18231,24251,6587,17664,342,24251,93,2148,21507,503,342
0500000US18183,"Whitley County, Indiana",34048,16992,17056,4483,12509,4060,12996,8543,25505,33542,6600,26942,506,33542,72,764,31547,1159,506
0500000US19001,"Adair County, Iowa",7439,3762,3677,926,2836,865,2812,1791,5648,7277,2013,5264,162,7277,43,182,6893,159,162
0500000US19003,"Adams County, Iowa",3697,1833,1864,417,1416,437,1427,854,2843,3622,952,2670,75,3622,5,50,3454,113,75
0500000US19005,"Allamakee County, Iowa",14068,7148,6920,1812,5336,1784,5136,3596,10472,13791,3760,10031,277,13791,234,999,12343,215,277
0500000US19007,"Appanoose County, Iowa",12310,6076,6234,1519,4557,1533,4701,3052,9258,12207,4896,7311,103,12207,21,274,11517,395,103
0500000US19009,"Audubon County, Iowa",5657,2832,2825,758,2074,611,2214,1369,4288,5526,1453,4073,131,5526,13,101,5313,99,131
0500000US19011,"Benton County, Iowa",25654,12917,12737,3367,9550,3234,9503,6601,19053,25242,4577,20665,412,25242,66,425,24097,654,412
0500000US19013,"Black Hawk County, Iowa",131396,64875,66521,16738,48137,16642,49879,33380,98016,126784,39214,87570,4612,126784,12210,5956,100808,7810,4612
0500000US19015,"Boone County, Iowa",26721,13617,13104,3391,10226,2967,10137,6358,20363,26288,4737,21551,433,26288,283,703,24790,512,433
0500000US19017,"Bremer County, Iowa",24863,12466,12397,3475,8991,3237,9160,6712,18151,23353,3910,19443,1510,23353,123,349,22232,649,1510
0500000US19019,"Buchanan County, Iowa",20598,10230,10368,2964,7266,2893,7475,5857,14741,20395,4167,16228,203,20395,117,365,19518,395,203
0500000US19021,"Buena Vista County, Iowa",20723,10923,9800,3382,7541,2820,6980,6202,14521,19714,6525,13189,1009,19714,467,5429,10915,2903,1009
0500000US19023,"Butler County, Iowa",14421,7172,7249,1869,5303,1719,5530,3588,10833,14196,3476,10720,225,14196,71,228,13611,286,225
0500000US19025,"Calhoun County, Iowa",9962,5219,4743,1289,3930,1118,3625,2407,7555,9272,2476,6796,690,9272,87,173,8762,250,690
0500000US19027,"Carroll County, Iowa",20756,10399,10357,2876,7523,2513,7844,5389,15367,20436,5151,15285,320,20436,57,605,19093,681,320
0500000US19029,"Cass County, Iowa",13158,6625,6533,1688,4937,1554,4979,3242,9916,12923,3846,9077,235,12923,92,403,12235,193,235
0500000US19031,"Cedar County, Iowa",18494,9163,9331,2263,6900,2202,7129,4465,14029,18141,3533,14608,353,18141,105,431,17176,429,353
0500000US19033,"Cerro Gordo County, Iowa",43185,21340,21845,5255,16085,4848,16997,10103,33082,42421,10635,31786,764,42421,807,2249,38004,1361,764
0500000US19035,"Cherokee County, Iowa",11606,5869,5737,1486,4383,1414,4323,2900,8706,11274,3112,8162,332,11274,160,490,10202,422,332
0500000US19037,"Chickasaw County, Iowa",12021,6079,5942,1554,4525,1560,4382,3114,8907,11819,2591,9228,202,11819,68,357,11244,150,202
0500000US19039,"Clarke County, Iowa",9736,5094,4642,1570,3524,1255,3387,2825,6911,9528,3227,6301,208,9528,6,1503,7705,314,208
0500000US19041,"Clay County, Iowa",16410,8074,8336,2044,6030,2185,6151,4229,12181,16120,4230,11890,290,16120,23,648,14958,491,290
0500000US19043,"Clayton County, Iowa",17173,8675,8498,2063,6612,1979,6519,4042,13131,16902,4355,12547,271,16902,45,359,16155,343,271
0500000US19045,"Clinton County, Iowa",46589,22998,23591,5875,17123,5844,17747,11719,34870,45614,12427,33187,975,45614,1282,1543,41177,1612,975
0500000US19047,"Crawford County, Iowa",16555,8208,8347,2428,5780,2278,6069,4706,11849,16384,5440,10944,171,16384,599,4819,10419,547,171
0500000US19049,"Dallas County, Iowa",96604,47916,48688,14435,33481,13973,34715,28408,68196,96174,13661,82513,430,96174,1912,6072,79976,8214,430
0500000US19051,"Davis County, Iowa",9066,4579,4487,1475,3104,1448,3039,2923,6143,8960,1923,7037,106,8960,0,149,8523,288,106
0500000US19053,"Decatur County, Iowa",7718,3914,3804,1120,2794,998,2806,2118,5600,7000,2321,4679,718,7000,58,199,6484,259,718
0500000US19055,"Delaware County, Iowa",17508,8914,8594,2401,6513,2162,6432,4563,12945,17358,3244,14114,150,17358,24,268,16617,449,150
0500000US19057,"Des Moines County, Iowa",39069,19055,20014,4877,14178,4922,15092,9799,29270,38238,10658,27580,831,38238,2199,1363,32947,1729,831
0500000US19059,"Dickinson County, Iowa",17536,8781,8755,1998,6783,1752,7003,3750,13786,17343,3223,14120,193,17343,11,424,16370,538,193
0500000US19061,"Dubuque County, Iowa",98687,48563,50124,12813,35750,13091,37033,25904,72783,95292,20220,75072,3395,95292,2647,2381,85925,4339,3395
0500000US19063,"Emmet County, Iowa",9433,4696,4737,1248,3448,1237,3500,2485,6948,8642,2297,6345,791,8642,95,887,7487,173,791
0500000US19065,"Fayette County, Iowa",19582,9839,9743,2442,7397,2345,7398,4787,14795,19014,6030,12984,568,19014,240,494,17627,653,568
0500000US19067,"Floyd County, Iowa",15672,7827,7845,2042,5785,1846,5999,3888,11784,15477,4182,11295,195,15477,209,623,13875,770,195
0500000US19069,"Franklin County, Iowa",10056,5101,4955,1355,3746,1156,3799,2511,7545,9895,2835,7060,161,9895,57,1345,8292,201,161
0500000US19071,"Fremont County, Iowa",6702,3389,3313,859,2530,783,2530,1642,5060,6574,1625,4949,128,6574,25,200,6184,165,128
0500000US19073,"Greene County, Iowa",8831,4375,4456,1139,3236,1059,3397,2198,6633,8711,2264,6447,120,8711,26,271,8166,248,120
0500000US19075,"Grundy County, Iowa",12336,6121,6215,1557,4564,1589,4626,3146,9190,12196,1920,10276,140,12196,89,185,11706,216,140
0500000US19077,"Guthrie County, Iowa",10599,5310,5289,1313,3997,1260,4029,2573,8026,10492,2245,8247,107,10492,31,302,9870,289,107
0500000US19079,"Hamilton County, Iowa",15073,7588,7485,1975,5613,1792,5693,3767,11306,14864,3193,11671,209,14864,222,977,13101,564,209
0500000US19081,"Hancock County, Iowa",10837,5488,5349,1381,4107,1195,4154,2576,8261,10650,2453,8197,187,10650,127,538,9798,187,187
0500000US19083,"Hardin County, Iowa",16997,8573,8424,2033,6540,1794,6630,3827,13170,16209,3985,12224,788,16209,35,720,14935,519,788
0500000US19085,"Harrison County, Iowa",14589,7374,7215,1923,5451,1807,5408,3730,10859,14366,3333,11033,223,14366,17,289,13747,313,223
0500000US19087,"Henry County, Iowa",20488,10631,9857,2611,8020,2420,7437,5031,15457,18928,4578,14350,1560,18928,220,986,16761,961,1560
0500000US19089,"Howard County, Iowa",9456,4771,4685,1363,3408,1187,3498,2550,6906,9276,2279,6997,180,9276,18,173,8845,240,180
0500000US19091,"Humboldt County, Iowa",9622,4867,4755,1296,3571,1181,3574,2477,7145,9523,2758,6765,99,9523,18,457,8803,245,99
0500000US19093,"Ida County, Iowa",6979,3508,3471,983,2525,924,2547,1907,5072,6847,1879,4968,132,6847,97,223,6424,103,132
0500000US19095,"Iowa County, Iowa",16596,8402,8194,2178,6224,1988,6206,4166,12430,16363,3181,13182,233,16363,104,512,15358,389,233
0500000US19097,"Jackson County, Iowa",19499,9843,9656,2400,7443,2303,7353,4703,14796,19236,4524,14712,263,19236,93,318,18262,563,263
0500000US19099,"Jasper County, Iowa",37686,19528,18158,4799,14729,4403,13755,9202,28484,36047,9445,26602,1639,36047,427,875,33797,948,1639
0500000US19101,"Jefferson County, Iowa",15846,8116,7730,1494,6622,1887,5843,3381,12465,15069,6046,9023,777,15069,955,491,12330,1293,777
0500000US19103,"Johnson County, Iowa",151833,75737,76096,19431,56306,19082,57014,38513,113320,144779,40756,104023,7054,144779,10259,8445,111416,14659,7054
0500000US19105,"Jones County, Iowa",20680,10675,10005,2417,8258,2516,7489,4933,15747,19455,4372,15083,1225,19455,133,432,18311,579,1225
0500000US19107,"Keokuk County, Iowa",10050,5127,4923,1337,3790,1189,3734,2526,7524,9912,2967,6945,138,9912,52,209,9500,151,138
0500000US19109,"Kossuth County, Iowa",14823,7458,7365,1825,5633,1779,5586,3604,11219,14629,3885,10744,194,14629,64,529,13635,401,194
0500000US19111,"Lee County, Iowa",33724,17034,16690,4065,12969,3856,12834,7921,25803,32397,9582,22815,1327,32397,588,1212,29646,951,1327
0500000US19113,"Linn County, Iowa",228567,113120,115447,30074,83046,29007,86440,59081,169486,223474,48445,175029,5093,223474,12993,7749,188614,14118,5093
0500000US19115,"Louisa County, Iowa",10891,5629,5262,1471,4158,1248,4014,2719,8172,10754,2450,8304,137,10754,78,1753,8337,586,137
0500000US19117,"Lucas County, Iowa",8650,4430,4220,1139,3291,1000,3220,2139,6511,8497,2669,5828,153,8497,16,200,8141,140,153
0500000US19119,"Lyon County, Iowa",11953,6109,5844,1948,4161,1729,4115,3677,8276,11810,1968,9842,143,11810,10,351,11215,234,143
0500000US19121,"Madison County, Iowa",16414,8247,8167,2393,5854,2135,6032,4528,11886,16250,2750,13500,164,16250,135,385,15370,360,164
0500000US19123,"Mahaska County, Iowa",22132,11251,10881,3197,8054,2839,8042,6036,16096,21436,6391,15045,696,21436,319,509,19837,771,696
0500000US19125,"Marion County, Iowa",33381,16832,16549,4654,12178,4325,12224,8979,24402,31758,5774,25984,1623,31758,314,583,29950,911,1623
0500000US19127,"Marshall County, Iowa",40137,20159,19978,5612,14547,5620,14358,11232,28905,38664,10837,27827,1473,38664,570,9385,26188,2521,1473
0500000US19129,"Mills County, Iowa",14658,7330,7328,1868,5462,1892,5436,3760,10898,14454,2711,11743,204,14454,46,511,13555,342,204
0500000US19131,"Mitchell County, Iowa",10526,5270,5256,1411,3859,1358,3898,2769,7757,10293,2469,7824,233,10293,43,160,9932,158,233
0500000US19133,"Monona County, Iowa",8732,4213,4519,1052,3161,1051,3468,2103,6629,8561,2374,6187,171,8561,18,184,8073,286,171
0500000US19135,"Monroe County, Iowa",7589,3673,3916,927,2746,1069,2847,1996,5593,7481,1599,5882,108,7481,0,22,7089,370,108
0500000US19137,"Montgomery County, Iowa",10327,5004,5323,1302,3702,1432,3891,2734,7593,10175,3129,7046,152,10175,5,424,9408,338,152
0500000US19139,"Muscatine County, Iowa",43145,21666,21479,5983,15683,5730,15749,11713,31432,42403,10834,31569,742,42403,971,7861,32120,1451,742
0500000US19141,"O'Brien County, Iowa",14139,7106,7033,1908,5198,1817,5216,3725,10414,13804,3669,10135,335,13804,227,778,12564,235,335
0500000US19143,"Osceola County, Iowa",6168,3160,3008,800,2360,746,2262,1546,4622,6071,1410,4661,97,6071,35,532,5292,212,97
0500000US19145,"Page County, Iowa",15250,8189,7061,1855,6334,1452,5609,3307,11943,14232,4618,9614,1018,14232,35,474,13116,607,1018
0500000US19147,"Palo Alto County, Iowa",8996,4573,4423,1253,3320,1100,3323,2353,6643,8637,2023,6614,359,8637,129,258,7934,316,359
0500000US19149,"Plymouth County, Iowa",25543,12852,12691,3672,9180,3338,9353,7010,18533,25265,4396,20869,278,25265,436,1428,22858,543,278
0500000US19151,"Pocahontas County, Iowa",7091,3533,3558,875,2658,863,2695,1738,5353,6955,2012,4943,136,6955,14,308,6411,222,136
0500000US19153,"Polk County, Iowa",488871,242298,246573,67902,174396,65607,180966,133509,355362,480175,111922,368253,8696,480175,34063,42115,365793,38204,8696
0500000US19155,"Pottawattamie County, Iowa",93571,46495,47076,12983,33512,11805,35271,24788,68783,91268,23732,67536,2303,91268,928,7528,79250,3562,2303
0500000US19157,"Poweshiek County, Iowa",18628,9056,9572,2396,6660,2580,6992,4976,13652,17082,4472,12610,1546,17082,141,493,16113,335,1546
0500000US19159,"Ringgold County, Iowa",4739,2336,2403,723,1613,592,1811,1315,3424,4553,1306,3247,186,4553,0,125,4315,113,186
0500000US19161,"Sac County, Iowa",9829,4925,4904,1249,3676,1129,3775,2378,7451,9640,2453,7187,189,9640,74,344,9076,146,189
0500000US19163,"Scott County, Iowa",174170,85925,88245,23180,62745,22633,65612,45813,128357,170459,40049,130410,3711,170459,11865,12258,133850,12486,3711
0500000US19165,"Shelby County, Iowa",11750,5704,6046,1473,4231,1397,4649,2870,8880,11554,2907,8647,196,11554,124,373,10855,202,196
0500000US19167,"Sioux County, Iowa",35647,18012,17635,5818,12194,5518,12117,11336,24311,33418,5285,28133,2229,33418,61,3894,28836,627,2229
0500000US19169,"Story County, Iowa",98106,51369,46737,12605,38764,11951,34786,24556,73550,86633,25529,61104,11473,86633,2117,3261,70767,10488,11473
0500000US19171,"Tama County, Iowa",17079,8560,8519,2338,6222,2222,6297,4560,12519,16675,4854,11821,404,16675,115,1858,13208,1494,404
0500000US19173,"Taylor County, Iowa",5932,2921,3011,743,2178,752,2259,1495,4437,5851,1204,4647,81,5851,0,487,5206,158,81
0500000US19175,"Union County, Iowa",12193,5987,6206,1596,4391,1567,4639,3163,9030,11902,3172,8730,291,11902,32,373,11159,338,291
0500000US19177,"Van Buren County, Iowa",7196,3693,3503,979,2714,830,2673,1809,5387,7108,2463,4645,88,7108,20,112,6833,143,88
0500000US19179,"Wapello County, Iowa",35343,17766,17577,4738,13028,4411,13166,9149,26194,34550,12384,22166,793,34550,1143,3870,27843,1694,793
0500000US19181,"Warren County, Iowa",51862,25737,26125,7439,18298,6955,19170,14394,37468,50022,7536,42486,1840,50022,313,1515,46885,1309,1840
0500000US19183,"Washington County, Iowa",22525,11140,11385,3160,7980,2968,8417,6128,16397,22158,5210,16948,367,22158,136,1533,19938,551,367
0500000US19185,"Wayne County, Iowa",6504,3228,3276,926,2302,897,2379,1823,4681,6403,2017,4386,101,6403,19,114,6051,219,101
0500000US19187,"Webster County, Iowa",37114,19353,17761,4977,14376,4416,13345,9393,27721,34364,9848,24516,2750,34364,1106,1900,30012,1346,2750
0500000US19189,"Winnebago County, Iowa",10743,5402,5341,1470,3932,1343,3998,2813,7930,10096,2339,7757,647,10096,32,481,9245,338,647
0500000US19191,"Winneshiek County, Iowa",20100,10055,10045,2463,7592,2432,7613,4895,15205,17964,3350,14614,2136,17964,128,310,17207,319,2136
0500000US19193,"Woodbury County, Iowa",105102,52483,52619,15616,36867,15104,37515,30720,74382,102486,30883,71603,2616,102486,4025,18134,72028,8299,2616
0500000US19195,"Worth County, Iowa",7450,3868,3582,921,2947,803,2779,1724,5726,7332,1432,5900,118,7332,43,239,6899,151,118
0500000US19197,"Wright County, Iowa",12978,6648,6330,1901,4747,1536,4794,3437,9541,12786,4165,8621,192,12786,30,1662,10678,416,192
0500000US20001,"Allen County, Kansas",12557,6218,6339,1716,4502,1489,4850,3205,9352,12128,4058,8070,429,12128,200,456,10939,533,429
0500000US20003,"Anderson County, Kansas",7800,3893,3907,1142,2751,985,2922,2127,5673,7637,2120,5517,163,7637,52,180,7126,279,163
0500000US20005,"Atchison County, Kansas",16382,7978,8404,2375,5603,2377,6027,4752,11630,15090,4416,10674,1292,15090,386,501,13262,941,1292
0500000US20007,"Barber County, Kansas",4178,2139,2039,552,1587,520,1519,1072,3106,4092,1265,2827,86,4092,15,268,3630,179,86
0500000US20009,"Barton County, Kansas",25708,12654,13054,3463,9191,3434,9620,6897,18811,25065,9036,16029,643,25065,320,3862,20188,695,643
0500000US20011,"Bourbon County, Kansas",14410,7063,7347,2065,4998,2048,5299,4113,10297,13912,4945,8967,498,13912,284,360,12496,772,498
0500000US20013,"Brown County, Kansas",9532,4749,4783,1355,3394,1322,3461,2677,6855,9352,2913,6439,180,9352,83,505,7613,1151,180
0500000US20015,"Butler County, Kansas",67404,34057,33347,9833,24224,9390,23957,19223,48181,64147,13680,50467,3257,64147,567,3234,57098,3248,3257
0500000US20017,"Chase County, Kansas",2583,1294,1289,332,962,266,1023,598,1985,2500,808,1692,83,2500,17,125,2272,86,83
0500000US20019,"Chautauqua County, Kansas",3394,1780,1614,476,1304,365,1249,841,2553,3348,1274,2074,46,3348,41,149,2820,338,46
0500000US20021,"Cherokee County, Kansas",19507,9443,10064,2423,7020,2575,7489,4998,14509,19234,6856,12378,273,19234,140,578,16665,1851,273
0500000US20023,"Cheyenne County, Kansas",2647,1335,1312,342,993,303,1009,645,2002,2601,856,1745,46,2601,0,190,2338,73,46
0500000US20025,"Clark County, Kansas",1994,1030,964,276,754,220,744,496,1498,1900,465,1435,94,1900,0,84,1647,169,94
0500000US20027,"Clay County, Kansas",8085,4070,4015,1047,3023,994,3021,2041,6044,7940,1959,5981,145,7940,133,234,7378,195,145
0500000US20029,"Cloud County, Kansas",9037,4606,4431,1287,3319,1138,3293,2425,6612,8500,3081,5419,537,8500,127,306,7759,308,537
0500000US20031,"Coffey County, Kansas",8361,4216,4145,1082,3134,953,3192,2035,6326,8243,2197,6046,118,8243,48,261,7660,274,118
0500000US20033,"Comanche County, Kansas",1809,904,905,255,649,166,739,421,1388,1732,300,1432,77,1732,2,60,1634,36,77
0500000US20035,"Cowley County, Kansas",34769,17500,17269,4821,12679,4690,12579,9511,25258,32595,10902,21693,2174,32595,562,3756,25708,2569,2174
0500000US20037,"Crawford County, Kansas",39018,19986,19032,5555,14431,4846,14186,10401,28617,37066,14569,22497,1952,37066,633,2229,31961,2243,1952
0500000US20039,"Decatur County, Kansas",2792,1400,1392,313,1087,299,1093,612,2180,2709,824,1885,83,2709,22,92,2526,69,83
0500000US20041,"Dickinson County, Kansas",18572,9341,9231,2413,6928,2313,6918,4726,13846,18217,4142,14075,355,18217,171,933,16319,794,355
0500000US20043,"Doniphan County, Kansas",7549,3848,3701,1014,2834,996,2705,2010,5539,6848,1928,4920,701,6848,89,171,6450,138,701
0500000US20045,"Douglas County, Kansas",118690,58929,59761,14036,44893,14653,45108,28689,90001,110694,33182,77512,7996,110694,4547,6988,86363,12796,7996
0500000US20047,"Edwards County, Kansas",2911,1470,1441,376,1094,375,1066,751,2160,2833,918,1915,78,2833,1,617,2113,102,78
0500000US20049,"Elk County, Kansas",2466,1218,1248,307,911,303,945,610,1856,2458,969,1489,8,2458,0,113,2177,168,8
0500000US20051,"Ellis County, Kansas",28893,14343,14550,3744,10599,3731,10819,7475,21418,27815,8158,19657,1078,27815,363,1700,24856,896,1078
0500000US20053,"Ellsworth County, Kansas",6403,3584,2819,763,2821,630,2189,1393,5010,5521,1622,3899,882,5521,56,238,4908,319,882
0500000US20055,"Finney County, Kansas",38338,19884,18454,6783,13101,6066,12388,12849,25489,37639,11544,26095,699,37639,1501,19173,14968,1997,699
0500000US20057,"Ford County, Kansas",34426,17941,16485,5937,12004,5611,10874,11548,22878,33619,10854,22765,807,33619,672,18921,12997,1029,807
0500000US20059,"Franklin County, Kansas",25953,13081,12872,3689,9392,3395,9477,7084,18869,25209,6465,18744,744,25209,91,1105,22917,1096,744
0500000US20061,"Geary County, Kansas",36514,19502,17012,6667,12835,5670,11342,12337,24177,35534,13258,22276,980,35534,6200,5992,19509,3833,980
0500000US20063,"Gove County, Kansas",2774,1435,1339,435,1000,330,1009,765,2009,2720,729,1991,54,2720,22,65,2560,73,54
0500000US20065,"Graham County, Kansas",2444,1232,1212,281,951,271,941,552,1892,2410,753,1657,34,2410,102,89,2125,94,34
0500000US20067,"Grant County, Kansas",7430,3870,3560,1504,2366,1075,2485,2579,4851,7340,1539,5801,90,7340,0,3606,3522,212,90
0500000US20069,"Gray County, Kansas",5720,2915,2805,991,1924,880,1925,1871,3849,5567,1153,4414,153,5567,0,938,4531,98,153
0500000US20071,"Greeley County, Kansas",1257,627,630,160,467,220,410,380,877,1232,320,912,25,1232,0,275,932,25,25
0500000US20073,"Greenwood County, Kansas",6049,3077,2972,722,2355,678,2294,1400,4649,5965,2013,3952,84,5965,10,252,5463,240,84
0500000US20075,"Hamilton County, Kansas",2572,1368,1204,379,989,376,828,755,1817,2572,691,1881,0,2572,0,871,1622,79,0
0500000US20077,"Harper County, Kansas",5525,2718,2807,767,1951,805,2002,1572,3953,5381,1914,3467,144,5381,0,361,4817,203,144
0500000US20079,"Harvey County, Kansas",34006,16732,17274,4687,12045,4747,12527,9434,24572,32690,8651,24039,1316,32690,600,4093,26685,1312,1316
0500000US20081,"Haskell County, Kansas",3803,1862,1941,591,1271,572,1369,1163,2640,3762,1160,2602,41,3762,11,1190,2463,98,41
0500000US20083,"Hodgeman County, Kansas",1851,929,922,203,726,266,656,469,1382,1809,333,1476,42,1809,0,133,1638,38,42
0500000US20085,"Jackson County, Kansas",13287,6727,6560,1888,4839,1730,4830,3618,9669,13117,3207,9910,170,13117,35,657,10950,1475,170
0500000US20087,"Jefferson County, Kansas",18391,9265,9126,2305,6960,2276,6850,4581,13810,18168,3390,14778,223,18168,132,557,16902,577,223
0500000US20089,"Jewell County, Kansas",2927,1507,1420,369,1138,315,1105,684,2243,2881,960,1921,46,2881,10,68,2678,125,46
0500000US20091,"Johnson County, Kansas",605154,298675,306479,82058,216617,78314,228165,160372,444782,599517,73440,526077,5637,599517,28508,47438,472460,51111,5637
0500000US20093,"Kearny County, Kansas",4019,1931,2088,606,1325,768,1320,1374,2645,3928,1500,2428,91,3928,96,1278,2564,-10,91
0500000US20095,"Kingman County, Kansas",7495,3809,3686,981,2828,804,2882,1785,5710,7381,1868,5513,114,7381,7,291,6774,309,114
0500000US20097,"Kiowa County, Kansas",2457,1174,1283,315,859,390,893,705,1752,2274,460,1814,183,2274,10,138,2046,80,183
0500000US20099,"Labette County, Kansas",20222,10116,10106,2810,7306,2545,7561,5355,14867,19839,6773,13066,383,19839,804,992,16840,1203,383
0500000US20101,"Lane County, Kansas",1504,746,758,168,578,206,552,374,1130,1502,451,1051,2,1502,0,168,1283,51,2
0500000US20103,"Leavenworth County, Kansas",81601,43510,38091,10856,32654,10325,27766,21181,60420,76052,15212,60840,5549,76052,4766,5108,61155,5023,5549
0500000US20105,"Lincoln County, Kansas",2952,1515,1437,458,1057,338,1099,796,2156,2892,754,2138,60,2892,3,110,2684,95,60
0500000US20107,"Linn County, Kansas",9667,4941,4726,1235,3706,1152,3574,2387,7280,9578,2834,6744,89,9578,79,291,8802,406,89
0500000US20109,"Logan County, Kansas",2777,1431,1346,436,995,322,1024,758,2019,2747,673,2074,30,2747,0,164,2470,113,30
0500000US20111,"Lyon County, Kansas",32318,15568,16750,4061,11507,4478,12272,8539,23779,31183,10161,21022,1135,31183,556,6968,21855,1804,1135
0500000US20113,"McPherson County, Kansas",30059,14929,15130,3895,11034,3888,11242,7783,22276,28633,6433,22200,1426,28633,171,1265,26353,844,1426
0500000US20115,"Marion County, Kansas",11877,5939,5938,1541,4398,1422,4516,2963,8914,11128,3533,7595,749,11128,48,417,10369,294,749
0500000US20117,"Marshall County, Kansas",9995,5014,4981,1349,3665,1319,3662,2668,7327,9850,2402,7448,145,9850,36,262,9298,254,145
0500000US20119,"Meade County, Kansas",4089,2058,2031,627,1431,581,1450,1208,2881,3982,922,3060,107,3982,15,900,2937,130,107
0500000US20121,"Miami County, Kansas",33968,17137,16831,4576,12561,4397,12434,8973,24995,33325,4849,28476,643,33325,194,1130,30732,1269,643
0500000US20123,"Mitchell County, Kansas",5884,3018,2866,826,2192,772,2094,1598,4286,5711,1650,4061,173,5711,18,123,5403,167,173
0500000US20125,"Montgomery County, Kansas",31679,15965,15714,4590,11375,3904,11810,8494,23185,30776,11520,19256,903,30776,1468,2149,24294,2865,903
0500000US20127,"Morris County, Kansas",5377,2761,2616,671,2090,542,2074,1213,4164,5301,1569,3732,76,5301,7,280,4807,207,76
0500000US20129,"Morton County, Kansas",2744,1313,1431,401,912,437,994,838,1906,2681,837,1844,63,2681,7,646,1891,137,63
0500000US20131,"Nemaha County, Kansas",10197,5158,5039,1575,3583,1471,3568,3046,7151,9883,1769,8114,314,9883,24,222,9361,276,314
0500000US20133,"Neosho County, Kansas",15926,7818,8108,2287,5531,2251,5857,4538,11388,15460,5045,10415,466,15460,140,922,13834,564,466
0500000US20135,"Ness County, Kansas",2717,1385,1332,321,1064,288,1044,609,2108,2668,587,2081,49,2668,19,315,2257,77,49
0500000US20137,"Norton County, Kansas",5457,3059,2398,589,2470,602,1796,1191,4266,4547,1195,3352,910,4547,8,168,4205,166,910
0500000US20139,"Osage County, Kansas",15811,7975,7836,2145,5830,1869,5967,4014,11797,15535,3629,11906,276,15535,86,554,14400,495,276
0500000US20141,"Osborne County, Kansas",3512,1768,1744,430,1338,376,1368,806,2706,3418,947,2471,94,3418,17,83,3179,139,94
0500000US20143,"Ottawa County, Kansas",5778,3008,2770,845,2163,619,2151,1464,4314,5685,1509,4176,93,5685,40,180,5323,142,93
0500000US20145,"Pawnee County, Kansas",6356,3536,2820,628,2908,489,2331,1117,5239,5443,1362,4081,913,5443,232,424,4690,97,913
0500000US20147,"Phillips County, Kansas",5022,2535,2487,635,1900,573,1914,1208,3814,4924,1313,3611,98,4924,96,166,4588,74,98
0500000US20149,"Pottawatomie County, Kansas",25082,12541,12541,3983,8558,4037,8504,8020,17062,24755,5571,19184,327,24755,421,1310,22081,943,327
0500000US20151,"Pratt County, Kansas",9266,4625,4641,1403,3222,1289,3352,2692,6574,8800,2635,6165,466,8800,149,548,7838,265,466
0500000US20153,"Rawlins County, Kansas",2531,1309,1222,305,1004,261,961,566,1965,2489,887,1602,42,2489,16,177,2224,72,42
0500000US20155,"Reno County, Kansas",62071,31369,30702,8063,23306,7502,23200,15565,46506,59181,17707,41474,2890,59181,801,5918,49723,2739,2890
0500000US20157,"Republic County, Kansas",4707,2333,2374,591,1742,555,1819,1146,3561,4620,1295,3325,87,4620,36,115,4345,124,87
0500000US20159,"Rice County, Kansas",9464,4891,4573,1422,3469,1146,3427,2568,6896,8781,2331,6450,683,8781,94,1016,7201,470,683
0500000US20161,"Riley County, Kansas",72602,38025,34577,8773,29252,8909,25668,17682,54920,63485,24164,39321,9117,63485,3679,5296,48937,5573,9117
0500000US20163,"Rooks County, Kansas",4975,2430,2545,602,1828,640,1905,1242,3733,4787,1224,3563,188,4787,39,118,4540,90,188
0500000US20165,"Rush County, Kansas",2883,1461,1422,375,1086,293,1129,668,2215,2812,822,1990,71,2812,0,124,2527,161,71
0500000US20167,"Russell County, Kansas",6747,3325,3422,915,2410,854,2568,1769,4978,6612,2035,4577,135,6612,110,257,5999,246,135
0500000US20169,"Saline County, Kansas",54378,27164,27214,7350,19814,6893,20321,14243,40135,52943,15295,37648,1435,52943,1430,6301,42228,2984,1435
0500000US20171,"Scott County, Kansas",5163,2709,2454,868,1841,681,1773,1549,3614,5045,1601,3444,118,5045,0,1035,3940,70,118
0500000US20173,"Sedgwick County, Kansas",520467,258214,262253,74890,183324,71750,190503,146640,373827,513316,145321,367995,7151,513316,42486,78157,343437,49236,7151
0500000US20175,"Seward County, Kansas",22223,11682,10541,4096,7586,3647,6894,7743,14480,21793,7144,14649,430,21793,554,13896,6197,1146,430
0500000US20177,"Shawnee County, Kansas",179053,87072,91981,23921,63151,22827,69154,46748,132305,174543,45460,129083,4510,174543,14210,22704,127781,9848,4510
0500000US20179,"Sheridan County, Kansas",2459,1247,1212,326,921,339,873,665,1794,2423,439,1984,36,2423,14,138,2229,42,36
0500000US20181,"Sherman County, Kansas",5965,3090,2875,1023,2067,753,2122,1776,4189,5679,1499,4180,286,5679,60,690,4843,86,286
0500000US20183,"Smith County, Kansas",3588,1821,1767,412,1409,410,1357,822,2766,3522,886,2636,66,3522,2,89,3321,110,66
0500000US20185,"Stafford County, Kansas",4106,2147,1959,616,1531,484,1475,1100,3006,3983,1095,2888,123,3983,1,538,3296,148,123
0500000US20187,"Stanton County, Kansas",2088,1141,947,401,740,272,675,673,1415,2060,679,1381,28,2060,0,859,1081,120,28
0500000US20189,"Stevens County, Kansas",5320,2843,2477,955,1888,740,1737,1695,3625,5208,1962,3246,112,5208,17,1986,3051,154,112
0500000US20191,"Sumner County, Kansas",22603,11529,11074,3303,8226,2757,8317,6060,16543,22135,6555,15580,468,22135,141,1271,19649,1074,468
0500000US20193,"Thomas County, Kansas",7902,3871,4031,1215,2656,1148,2883,2363,5539,7475,1886,5589,427,7475,28,553,6672,222,427
0500000US20195,"Trego County, Kansas",2825,1427,1398,316,1111,273,1125,589,2236,2725,524,2201,100,2725,1,50,2605,69,100
0500000US20197,"Wabaunsee County, Kansas",6881,3508,3373,973,2535,828,2545,1801,5080,6769,1283,5486,112,6769,46,286,6221,216,112
0500000US20199,"Wallace County, Kansas",1529,760,769,185,575,208,561,393,1136,1502,453,1049,27,1502,3,96,1358,45,27
0500000US20201,"Washington County, Kansas",5531,2867,2664,710,2157,641,2023,1351,4180,5418,1506,3912,113,5418,9,226,5050,133,113
0500000US20203,"Wichita County, Kansas",2150,1030,1120,241,789,269,851,510,1640,2129,450,1679,21,2129,16,557,1525,31,21
0500000US20205,"Wilson County, Kansas",8713,4342,4371,1183,3159,1124,3247,2307,6406,8571,3168,5403,142,8571,7,296,7890,378,142
0500000US20207,"Woodson County, Kansas",3162,1674,1488,385,1289,304,1184,689,2473,3123,965,2158,39,3123,0,18,2914,191,39
0500000US20209,"Wyandotte County, Kansas",168333,84193,84140,26262,57931,24686,59454,50948,117385,166383,62086,104297,1950,166383,34447,49661,66127,16148,1950
0500000US21001,"Adair County, Kentucky",18832,9503,9329,2501,7002,2173,7156,4674,14158,17435,6822,10613,1397,17435,268,372,16270,525,1397
0500000US21003,"Allen County, Kentucky",20604,10247,10357,2623,7624,2607,7750,5230,15374,20337,7306,13031,267,20337,95,469,19235,538,267
0500000US21005,"Anderson County, Kentucky",23646,11828,11818,3224,8604,2846,8972,6070,17576,23475,6647,16828,171,23475,574,492,21840,569,171
0500000US21007,"Ballard County, Kentucky",7814,3956,3858,964,2992,828,3030,1792,6022,7682,2449,5233,132,7682,278,123,7079,202,132
0500000US21009,"Barren County, Kentucky",44277,21537,22740,5921,15616,5520,17220,11441,32836,43273,18598,24675,1004,43273,1527,1478,38845,1423,1004
0500000US21011,"Bath County, Kentucky",12680,6382,6298,1865,4517,1667,4631,3532,9148,12580,5050,7530,100,12580,187,224,11955,214,100
0500000US21013,"Bell County, Kentucky",24674,12277,12397,3209,9068,2674,9723,5883,18791,23816,12606,11210,858,23816,458,314,22339,705,858
0500000US21015,"Boone County, Kentucky",134599,66975,67624,19559,47416,18827,48797,38386,96213,133143,20239,112904,1456,133143,4935,5795,115097,7316,1456
0500000US21017,"Bourbon County, Kentucky",20281,10042,10239,2754,7288,2244,7995,4998,15283,19955,6467,13488,326,19955,1013,1361,16941,640,326
0500000US21019,"Boyd County, Kentucky",48447,24311,24136,5913,18398,5514,18622,11427,37020,46606,15578,31028,1841,46606,495,846,43539,1726,1841
0500000US21021,"Boyle County, Kentucky",30469,15315,15154,3908,11407,3736,11418,7644,22825,27460,9393,18067,3009,27460,2014,921,23520,1005,3009
0500000US21023,"Bracken County, Kentucky",8394,4251,4143,1149,3102,1060,3083,2209,6185,8272,2769,5503,122,8272,174,51,7908,139,122
0500000US21025,"Breathitt County, Kentucky",13652,6882,6770,1605,5277,1475,5295,3080,10572,13368,7023,6345,284,13368,107,146,12882,233,284
0500000US21027,"Breckinridge County, Kentucky",20345,10140,10205,2646,7494,2610,7595,5256,15089,19979,7494,12485,366,19979,375,330,18754,520,366
0500000US21029,"Bullitt County, Kentucky",81729,40906,40823,10307,30599,9321,31502,19628,62101,80990,17989,63001,739,80990,876,1930,75311,2873,739
0500000US21031,"Butler County, Kentucky",12413,6291,6122,1720,4571,1460,4662,3180,9233,12023,4435,7588,390,12023,69,441,11284,229,390
0500000US21033,"Caldwell County, Kentucky",12641,6129,6512,1607,4522,1578,4934,3185,9456,12538,4003,8535,103,12538,815,178,11362,183,103
0500000US21035,"Calloway County, Kentucky",37291,18250,19041,4714,13536,4819,14222,9533,27758,33558,12797,20761,3733,33558,1048,925,30045,1540,3733
0500000US21037,"Campbell County, Kentucky",93023,45936,47087,11162,34774,11096,35991,22258,70765,89495,21269,68226,3528,89495,1849,2025,82413,3208,3528
0500000US21039,"Carlisle County, Kentucky",4821,2427,2394,713,1714,523,1871,1236,3585,4771,2036,2735,50,4771,39,121,4437,174,50
0500000US21041,"Carroll County, Kentucky",10808,5558,5250,1555,4003,1404,3846,2959,7849,10512,4068,6444,296,10512,328,732,9250,202,296
0500000US21043,"Carter County, Kentucky",26820,13235,13585,3524,9711,3371,10214,6895,19925,26035,11591,14444,785,26035,3,242,25088,702,785
0500000US21045,"Casey County, Kentucky",15863,7640,8223,2013,5627,2015,6208,4028,11835,15457,7755,7702,406,15457,84,473,14639,261,406
0500000US21047,"Christian County, Kentucky",72377,38427,33950,11680,26747,10379,23571,22059,50318,65619,27543,38076,6758,65619,13463,4935,42377,4844,6758
0500000US21049,"Clark County, Kentucky",36716,17916,18800,4654,13262,4237,14563,8891,27825,36025,10698,25327,691,36025,1541,1176,32258,1050,691
0500000US21051,"Clay County, Kentucky",20484,10834,9650,2527,8307,2208,7442,4735,15749,19156,9997,9159,1328,19156,616,83,17948,509,1328
0500000US21053,"Clinton County, Kentucky",9372,4735,4637,1224,3511,1072,3565,2296,7076,9215,5006,4209,157,9215,2,287,8727,199,157
0500000US21055,"Crittenden County, Kentucky",8997,4572,4425,1177,3395,962,3463,2139,6858,8707,3030,5677,290,8707,29,137,8288,253,290
0500000US21057,"Cumberland County, Kentucky",6023,2947,3076,767,2180,651,2425,1418,4605,5921,2676,3245,102,5921,155,80,5412,274,102
0500000US21059,"Daviess County, Kentucky",102488,50223,52265,14072,36151,13534,38731,27606,74882,99470,30834,68636,3018,99470,4409,3393,86817,4851,3018
0500000US21061,"Edmonson County, Kentucky",12165,6243,5922,1454,4789,1187,4735,2641,9524,11988,4760,7228,177,11988,187,184,11326,291,177
0500000US21063,"Elliott County, Kentucky",7414,4214,3200,866,3348,667,2533,1533,5881,5972,2686,3286,1442,5972,0,37,5926,9,1442
0500000US21065,"Estill County, Kentucky",14157,7082,7075,1792,5290,1559,5516,3351,10806,14016,7180,6836,141,14016,5,86,13493,432,141
0500000US21067,"Fayette County, Kentucky",321354,157988,163366,40207,117781,38969,124397,79176,242178,308643,92389,216254,12711,308643,44437,23120,216343,24743,12711
0500000US21069,"Fleming County, Kentucky",14996,7417,7579,1975,5442,2010,5569,3985,11011,14972,5328,9644,24,14972,227,163,14293,289,24
0500000US21071,"Floyd County, Kentucky",36127,17666,18461,4707,12959,4163,14298,8870,27257,35431,16120,19311,696,35431,297,149,34340,645,696
0500000US21073,"Franklin County, Kentucky",51319,24817,26502,6159,18658,6181,20321,12340,38979,49424,13048,36376,1895,49424,4146,1892,40550,2836,1895
0500000US21075,"Fulton County, Kentucky",6507,3304,3203,789,2515,667,2536,1456,5051,6084,2892,3192,423,6084,1373,103,4223,385,423
0500000US21077,"Gallatin County, Kentucky",8694,4470,4224,1258,3212,1037,3187,2295,6399,8567,2933,5634,127,8567,184,454,7653,276,127
0500000US21079,"Garrard County, Kentucky",17018,8417,8601,2125,6292,1863,6738,3988,13030,16786,5331,11455,232,16786,394,392,15668,332,232
0500000US21081,"Grant County, Kentucky",24918,12207,12711,3531,8676,3957,8754,7488,17430,24491,7142,17349,427,24491,0,742,22742,1007,427
0500000US21083,"Graves County, Kentucky",36796,17895,18901,4849,13046,5269,13632,10118,26678,36105,13622,22483,691,36105,1441,2628,30835,1201,691
0500000US21085,"Grayson County, Kentucky",26351,13103,13248,3527,9576,3476,9772,7003,19348,26021,10804,15217,330,26021,50,364,24852,755,330
0500000US21087,"Green County, Kentucky",11141,5585,5556,1300,4285,1292,4264,2592,8549,10994,4960,6034,147,10994,199,180,10320,295,147
0500000US21089,"Greenup County, Kentucky",35996,17627,18369,4413,13214,4061,14308,8474,27522,35575,9750,25825,421,35575,303,404,34024,844,421
0500000US21091,"Hancock County, Kentucky",9050,4656,4394,1294,3362,1135,3259,2429,6621,8954,2269,6685,96,8954,127,75,8514,238,96
0500000US21093,"Hardin County, Kentucky",110134,54969,55165,15364,39605,14325,40840,29689,80445,107021,28973,78048,3113,107021,12593,6160,81164,7104,3113
0500000US21095,"Harlan County, Kentucky",26921,12988,13933,3418,9570,3381,10552,6799,20122,26329,15013,11316,592,26329,583,115,24919,712,592
0500000US21097,"Harrison County, Kentucky",18690,9204,9486,2383,6821,2233,7253,4616,14074,18351,6027,12324,339,18351,287,468,17214,382,339
0500000US21099,"Hart County, Kentucky",19194,9525,9669,2627,6898,2592,7077,5219,13975,18750,7881,10869,444,18750,730,377,17166,477,444
0500000US21101,"Henderson County, Kentucky",45102,21718,23384,5585,16133,5832,17552,11417,33685,43929,13038,30891,1173,43929,3002,1218,37518,2191,1173
0500000US21103,"Henry County, Kentucky",15691,7790,7901,2106,5684,1992,5909,4098,11593,15558,5580,9978,133,15558,424,548,14147,439,133
0500000US21105,"Hickman County, Kentucky",4529,2180,2349,538,1642,497,1852,1035,3494,4399,1712,2687,130,4399,386,101,3772,140,130
0500000US21107,"Hopkins County, Kentucky",45432,22279,23153,5963,16316,5440,17713,11403,34029,44271,16291,27980,1161,44271,2684,990,38977,1620,1161
0500000US21109,"Jackson County, Kentucky",13029,6606,6423,1867,4739,1509,4914,3376,9653,12862,7055,5807,167,12862,44,34,12567,217,167
0500000US21111,"Jefferson County, Kentucky",780449,379269,401180,98198,281071,93863,307317,192061,588388,764034,209937,554097,16415,764034,168842,46094,502516,46582,16415
0500000US21113,"Jessamine County, Kentucky",53016,25757,27259,7099,18658,7195,20064,14294,38722,51136,14818,36318,1880,51136,2253,1955,44930,1998,1880
0500000US21115,"Johnson County, Kentucky",22794,11254,11540,2844,8410,2711,8829,5555,17239,22195,9618,12577,599,22195,149,91,21577,378,599
0500000US21117,"Kenton County, Kentucky",168264,83706,84558,22486,61220,21220,63338,43706,124558,166195,39628,126567,2069,166195,7333,5784,145779,7299,2069
0500000US21119,"Knott County, Kentucky",14506,7202,7304,1725,5477,1677,5627,3402,11104,13850,7793,6057,656,13850,97,106,13489,158,656
0500000US21121,"Knox County, Kentucky",30367,14725,15642,4068,10657,3967,11675,8035,22332,29584,15568,14016,783,29584,205,415,28242,722,783
0500000US21123,"Larue County, Kentucky",14768,7390,7378,1775,5615,1740,5638,3515,11253,14417,4581,9836,351,14417,476,438,13121,382,351
0500000US21125,"Laurel County, Kentucky",62090,30650,31440,8210,22440,7529,23911,15739,46351,61089,24354,36735,1001,61089,402,968,58390,1329,1001
0500000US21127,"Lawrence County, Kentucky",16274,8060,8214,2243,5817,2010,6204,4253,12021,16149,7423,8726,125,16149,0,185,15632,332,125
0500000US21129,"Lee County, Kentucky",7263,4121,3142,958,3163,662,2480,1620,5643,6709,3696,3013,554,6709,35,85,6369,220,554
0500000US21131,"Leslie County, Kentucky",10622,5384,5238,1275,4109,1186,4052,2461,8161,10185,5143,5042,437,10185,15,7,9897,266,437
0500000US21133,"Letcher County, Kentucky",21784,10814,10970,2736,8078,2377,8593,5113,16671,21373,10570,10803,411,21373,85,201,20734,353,411
0500000US21135,"Lewis County, Kentucky",13103,6605,6498,1804,4801,1554,4944,3358,9745,12944,7235,5709,159,12944,0,0,12624,320,159
0500000US21137,"Lincoln County, Kentucky",24314,11963,12351,3280,8683,3019,9332,6299,18015,23829,9944,13885,485,23829,457,434,22250,688,485
0500000US21139,"Livingston County, Kentucky",8989,4413,4576,1052,3361,886,3690,1938,7051,8940,3125,5815,49,8940,62,206,8485,187,49
0500000US21141,"Logan County, Kentucky",27319,13346,13973,3620,9726,3480,10493,7100,20219,26980,9231,17749,339,26980,1657,805,23863,655,339
0500000US21143,"Lyon County, Kentucky",8700,4761,3939,759,4002,696,3243,1455,7245,7391,1865,5526,1309,7391,150,170,6887,184,1309
0500000US21145,"McCracken County, Kentucky",67394,32446,34948,8423,24023,7982,26966,16405,50989,65943,22767,43176,1451,65943,6778,1802,54533,2830,1451
0500000US21147,"McCreary County, Kentucky",17044,9388,7656,2369,7019,1964,5692,4333,12711,15549,9466,6083,1495,15549,309,41,14638,561,1495
0500000US21149,"McLean County, Kentucky",9182,4581,4601,1218,3363,1117,3484,2335,6847,9104,2627,6477,78,9104,116,166,8700,122,78
0500000US21151,"Madison County, Kentucky",92194,45134,47060,12205,32929,11982,35078,24187,68007,85872,27304,58568,6322,85872,3019,2339,77068,3446,6322
0500000US21153,"Magoffin County, Kentucky",11818,5943,5875,1519,4424,1422,4453,2941,8877,11691,6434,5257,127,11691,0,144,11349,198,127
0500000US21155,"Marion County, Kentucky",19556,9903,9653,2691,7212,2432,7221,5123,14433,18458,6931,11527,1098,18458,1134,516,16307,501,1098
0500000US21157,"Marshall County, Kentucky",31662,15723,15939,3705,12018,3396,12543,7101,24561,30942,8470,22472,720,30942,253,552,29753,384,720
0500000US21159,"Martin County, Kentucky",11394,6378,5016,1345,5033,1114,3902,2459,8935,10194,4573,5621,1200,10194,34,0,9755,405,1200
0500000US21161,"Mason County, Kentucky",17103,8447,8656,2222,6225,2028,6628,4250,12853,16755,6035,10720,348,16755,1036,367,14794,558,348
0500000US21163,"Meade County, Kentucky",29735,15043,14692,3803,11240,3537,11155,7340,22395,29358,7398,21960,377,29358,1099,1121,26142,996,377
0500000US21165,"Menifee County, Kentucky",6149,3319,2830,892,2427,615,2215,1507,4642,6079,2916,3163,70,6079,10,182,5803,84,70
0500000US21167,"Mercer County, Kentucky",22470,11083,11387,2875,8208,2539,8848,5414,17056,22304,6016,16288,166,22304,840,699,20240,525,166
0500000US21169,"Metcalfe County, Kentucky",10275,5067,5208,1362,3705,1224,3984,2586,7689,10163,4222,5941,112,10163,210,158,9622,173,112
0500000US21171,"Monroe County, Kentucky",11269,5660,5609,1523,4137,1281,4328,2804,8465,11089,4815,6274,180,11089,198,362,10376,153,180
0500000US21173,"Montgomery County, Kentucky",28084,13716,14368,3848,9868,3386,10982,7234,20850,27517,9457,18060,567,27517,740,738,25642,397,567
0500000US21175,"Morgan County, Kentucky",13772,7844,5928,1563,6281,1269,4659,2832,10940,12213,5411,6802,1559,12213,58,146,11640,369,1559
0500000US21177,"Muhlenberg County, Kentucky",31011,15336,15675,3625,11711,3569,12106,7194,23817,30114,10379,19735,897,30114,1263,493,27782,576,897
0500000US21179,"Nelson County, Kentucky",46440,23244,23196,6397,16847,5580,17616,11977,34463,45931,10929,35002,509,45931,2361,1002,41431,1137,509
0500000US21181,"Nicholas County, Kentucky",7517,3714,3803,930,2784,1076,2727,2006,5511,7390,3085,4305,127,7390,89,8,7084,209,127
0500000US21183,"Ohio County, Kentucky",23861,12010,11851,3229,8781,3064,8787,6293,17568,23361,9193,14168,500,23361,271,793,21996,301,500
0500000US21185,"Oldham County, Kentucky",67586,35588,31998,9704,25884,9381,22617,19085,48501,64144,6442,57702,3442,64144,1804,2594,56644,3102,3442
0500000US21187,"Owen County, Kentucky",11160,5694,5466,1367,4327,1280,4186,2647,8513,11049,3857,7192,111,11049,47,45,10473,484,111
0500000US21189,"Owsley County, Kentucky",4094,1962,2132,554,1408,384,1748,938,3156,3940,1944,1996,154,3940,83,0,3576,281,154
0500000US21191,"Pendleton County, Kentucky",14625,7551,7074,2029,5522,1773,5301,3802,10823,14336,4598,9738,289,14336,85,213,13509,529,289
0500000US21193,"Perry County, Kentucky",28421,14120,14301,3833,10287,3456,10845,7289,21132,27589,12922,14667,832,27589,296,251,26124,918,832
0500000US21195,"Pike County, Kentucky",58914,28759,30155,6897,21862,6742,23413,13639,45275,57714,26222,31492,1200,57714,430,559,55747,978,1200
0500000US21197,"Powell County, Kentucky",13050,6606,6444,1802,4804,1681,4763,3483,9567,12704,4660,8044,346,12704,0,133,11984,587,346
0500000US21199,"Pulaski County, Kentucky",64717,31580,33137,8075,23505,7826,25311,15901,48816,63388,24990,38398,1329,63388,513,1573,59381,1921,1329
0500000US21201,"Robertson County, Kentucky",2196,983,1213,181,802,382,831,563,1633,2041,771,1270,155,2041,0,4,2021,16,155
0500000US21203,"Rockcastle County, Kentucky",16167,7952,8215,1943,6009,1903,6312,3846,12321,15721,6835,8886,446,15721,0,159,15228,334,446
0500000US21205,"Rowan County, Kentucky",24654,11815,12839,3248,8567,3832,9007,7080,17574,21649,9423,12226,3005,21649,341,371,20513,424,3005
0500000US21207,"Russell County, Kentucky",17909,8804,9105,2418,6386,2232,6873,4650,13259,17477,7427,10050,432,17477,209,676,16276,316,432
0500000US21209,"Scott County, Kentucky",56267,27665,28602,7679,19986,8021,20581,15700,40567,54536,10772,43764,1731,54536,2491,2463,47308,2274,1731
0500000US21211,"Shelby County, Kentucky",47523,23193,24330,6124,17069,5718,18612,11842,35681,46416,11654,34762,1107,46416,2949,4476,36798,2193,1107
0500000US21213,"Simpson County, Kentucky",19324,9523,9801,2603,6920,2494,7307,5097,14227,18793,5706,13087,531,18793,1690,519,16003,581,531
0500000US21215,"Spencer County, Kentucky",19256,9771,9485,2528,7243,2342,7143,4870,14386,19054,3198,15856,202,19054,329,491,17870,364,202
0500000US21217,"Taylor County, Kentucky",25948,12749,13199,3562,9187,3398,9801,6960,18988,24780,7345,17435,1168,24780,1052,561,22365,802,1168
0500000US21219,"Todd County, Kentucky",12206,6123,6083,1773,4350,1794,4289,3567,8639,11975,4107,7868,231,11975,937,561,10247,230,231
0500000US21221,"Trigg County, Kentucky",14067,6990,7077,1917,5073,1590,5487,3507,10560,13967,4287,9680,100,13967,1012,332,12199,424,100
0500000US21223,"Trimble County, Kentucky",8502,4300,4202,1132,3168,963,3239,2095,6407,8338,2204,6134,164,8338,17,288,7671,362,164
0500000US21225,"Union County, Kentucky",13786,7165,6621,1649,5516,1336,5285,2985,10801,13469,5211,8258,317,13469,1938,183,11099,249,317
0500000US21227,"Warren County, Kentucky",133216,65628,67588,18170,47458,18796,48792,36966,96250,125663,42310,83353,7553,125663,10826,6971,96991,10875,7553
0500000US21229,"Washington County, Kentucky",11957,5939,6018,1633,4306,1557,4461,3190,8767,11645,3112,8533,312,11645,705,209,10205,526,312
0500000US21231,"Wayne County, Kentucky",19743,9775,9968,2301,7474,2153,7815,4454,15289,19354,8498,10856,389,19354,167,699,18007,481,389
0500000US21233,"Webster County, Kentucky",12994,6441,6553,1685,4756,1656,4897,3341,9653,12649,4726,7923,345,12649,475,732,11150,292,345
0500000US21235,"Whitley County, Kentucky",36578,18111,18467,5606,12505,5119,13348,10725,25853,34619,15844,18775,1959,34619,114,465,33444,596,1959
0500000US21237,"Wolfe County, Kentucky",6666,3422,3244,1083,2339,656,2588,1739,4927,6496,4191,2305,170,6496,0,0,6305,191,170
0500000US21239,"Woodford County, Kentucky",26758,12553,14205,3088,9465,3638,10567,6726,20032,26282,5324,20958,476,26282,1002,1775,22737,768,476
0500000US22001,"Acadia Parish, Louisiana",58200,28791,29409,9169,19622,7629,21780,16798,41402,57237,22950,34287,963,57237,9269,1675,44234,2059,963
0500000US22003,"Allen Parish, Louisiana",23085,13188,9897,2828,10360,2658,7239,5486,17599,18714,6727,11987,4371,18714,2640,225,14785,1064,4371
0500000US22005,"Ascension Parish, Louisiana",125289,61861,63428,18731,43130,17881,45547,36612,88677,124142,25200,98942,1147,124142,28214,7469,83274,5185,1147
0500000US22007,"Assumption Parish, Louisiana",21366,10144,11222,2628,7516,2723,8499,5351,16015,21180,7540,13640,186,21180,6288,689,13811,392,186
0500000US22009,"Avoyelles Parish, Louisiana",39880,20165,19715,5388,14777,5100,14615,10488,29392,36377,17552,18825,3503,36377,8779,714,24427,2457,3503
0500000US22011,"Beauregard Parish, Louisiana",36417,18637,17780,5180,13457,4755,13025,9935,26482,35949,10776,25173,468,35949,4267,1400,28595,1687,468
0500000US22013,"Bienville Parish, Louisiana",13130,6222,6908,1455,4767,1730,5178,3185,9945,12836,7023,5813,294,12836,5416,266,6882,272,294
0500000US22015,"Bossier Parish, Louisiana",128508,63458,65050,17715,45743,17237,47813,34952,93556,125917,41711,84206,2591,125917,29557,8562,81935,5863,2591
0500000US22017,"Caddo Parish, Louisiana",239775,113979,125796,31683,82296,31174,94622,62857,176918,235421,99876,135545,4354,235421,115355,6920,103259,9887,4354
0500000US22019,"Calcasieu Parish, Louisiana",212646,104323,108323,29780,74543,28678,79645,58458,154188,209577,67858,141719,3069,209577,51986,8307,140352,8932,3069
0500000US22021,"Caldwell Parish, Louisiana",9707,5078,4629,1321,3757,1043,3586,2364,7343,9230,3913,5317,477,9230,1610,50,7484,86,477
0500000US22023,"Cameron Parish, Louisiana",5650,2812,2838,854,1958,632,2206,1486,4164,5610,1621,3989,40,5610,66,281,4935,328,40
0500000US22025,"Catahoula Parish, Louisiana",9117,4755,4362,925,3830,1114,3248,2039,7078,7700,3178,4522,1417,7700,2159,37,5449,55,1417
0500000US22027,"Claiborne Parish, Louisiana",14456,8277,6179,1516,6761,1349,4830,2865,11591,12446,7391,5055,2010,12446,6397,147,5630,272,2010
0500000US22029,"Concordia Parish, Louisiana",18989,9679,9310,2370,7309,2472,6838,4842,14147,17405,9463,7942,1584,17405,6807,113,10227,258,1584
0500000US22031,"De Soto Parish, Louisiana",26803,13135,13668,3744,9391,3299,10369,7043,19760,26598,11177,15421,205,26598,9245,816,15767,770,205
0500000US22033,"East Baton Rouge Parish, Louisiana",455447,218460,236987,60350,158110,59412,177575,119762,335685,445909,147580,298329,9538,445909,202303,19264,195394,28948,9538
0500000US22035,"East Carroll Parish, Louisiana",7502,4147,3355,739,3408,1039,2316,1778,5724,5112,3384,1728,2390,5112,3430,55,1484,143,2390
0500000US22037,"East Feliciana Parish, Louisiana",19588,10884,8704,2146,8738,1669,7035,3815,15773,16459,4320,12139,3129,16459,6106,212,9677,464,3129
0500000US22039,"Evangeline Parish, Louisiana",32538,16796,15742,4500,12296,4200,11542,8700,23838,31020,16074,14946,1518,31020,8399,495,20910,1216,1518
0500000US22041,"Franklin Parish, Louisiana",19964,9741,10223,2865,6876,2583,7640,5448,14516,18736,9245,9491,1228,18736,6014,80,12371,271,1228
0500000US22043,"Grant Parish, Louisiana",22236,12662,9574,2635,10027,2424,7150,5059,17177,18936,6331,12605,3300,18936,2066,109,16244,517,3300
0500000US22045,"Iberia Parish, Louisiana",70518,34824,35694,10303,24521,9734,25960,20037,50481,69576,27525,42051,942,69576,21856,3059,40324,4337,942
0500000US22047,"Iberville Parish, Louisiana",30651,15520,15131,3583,11937,3360,11771,6943,23708,27421,9434,17987,3230,27421,12498,761,13210,952,3230
0500000US22049,"Jackson Parish, Louisiana",15214,7794,7420,1791,6003,1706,5714,3497,11717,14120,5751,8369,1094,14120,3645,255,9522,698,1094
0500000US22051,"Jefferson Parish, Louisiana",439402,213602,225800,54594,159008,51914,173886,106508,332894,435830,138022,297808,3572,435830,116759,64781,223891,30399,3572
0500000US22053,"Jefferson Davis Parish, Louisiana",32270,15891,16379,4634,11257,4289,12090,8923,23347,31762,10587,21175,508,31762,5079,822,24629,1232,508
0500000US22055,"Lafayette Parish, Louisiana",241173,117693,123480,32029,85664,31466,92014,63495,177678,235882,73444,162438,5291,235882,60109,10781,153055,11937,5291
0500000US22057,"Lafourche Parish, Louisiana",97677,48208,49469,12879,35329,12454,37015,25333,72344,95632,30470,65162,2045,95632,12470,4208,73380,5574,2045
0500000US22059,"LaSalle Parish, Louisiana",14770,7804,6966,2117,5687,1678,5288,3795,10975,13473,3985,9488,1297,13473,1168,222,11758,325,1297
0500000US22061,"Lincoln Parish, Louisiana",48415,23720,24695,6835,16885,6306,18389,13141,35274,45611,20781,24830,2804,45611,17336,1345,24366,2564,2804
0500000US22063,"Livingston Parish, Louisiana",141057,69889,71168,20097,49792,19398,51770,39495,101562,139802,33706,106096,1255,139802,9330,5800,119950,4722,1255
0500000US22065,"Madison Parish, Louisiana",10297,5072,5225,1371,3701,1433,3792,2804,7493,8566,4393,4173,1731,8566,5422,128,2942,74,1731
0500000US22067,"Morehouse Parish, Louisiana",25852,12527,13325,3715,8812,3308,10017,7023,18829,24964,12157,12807,888,24964,12143,208,12083,530,888
0500000US22069,"Natchitoches Parish, Louisiana",37896,18256,19640,5460,12796,5293,14347,10753,27143,36336,17017,19319,1560,36336,15372,795,18829,1340,1560
0500000US22071,"Orleans Parish, Louisiana",383974,182332,201642,43401,138931,42881,158761,86282,297692,371945,151722,220223,12029,371945,216631,20536,113431,21347,12029
0500000US22073,"Ouachita Parish, Louisiana",160227,76864,83363,22530,54334,21879,61484,44409,115818,153884,62821,91063,6343,153884,57267,3403,88304,4910,6343
0500000US22075,"Plaquemines Parish, Louisiana",23536,11658,11878,3369,8289,3310,8568,6679,16857,23179,7211,15968,357,23179,4627,1843,14710,1999,357
0500000US22077,"Pointe Coupee Parish, Louisiana",20951,10282,10669,2697,7585,2339,8330,5036,15915,20752,7464,13288,199,20752,7105,609,12515,523,199
0500000US22079,"Rapides Parish, Louisiana",130459,63351,67108,18347,45004,17349,49759,35696,94763,126775,46465,80310,3684,126775,39455,4298,76875,6147,3684
0500000US22081,"Red River Parish, Louisiana",7787,3863,3924,1170,2693,901,3023,2071,5716,7396,3322,4074,391,7396,3217,39,4033,107,391
0500000US22083,"Richland Parish, Louisiana",20110,9937,10173,2780,7157,2408,7765,5188,14922,19149,8780,10369,961,19149,6653,395,11875,226,961
0500000US22085,"Sabine Parish, Louisiana",22377,11153,11224,3153,8000,2769,8455,5922,16455,22085,9603,12482,292,22085,3166,901,14690,3328,292
0500000US22087,"St. Bernard Parish, Louisiana",43821,21449,22372,6381,15068,6257,16115,12638,31183,43456,17356,26100,365,43456,10382,4466,26486,2122,365
0500000US22089,"St. Charles Parish, Louisiana",52411,26296,26115,7399,18897,6506,19609,13905,38506,51629,11503,40126,782,51629,13427,3300,33353,1549,782
0500000US22091,"St. Helena Parish, Louisiana",10881,5213,5668,1408,3805,1317,4351,2725,8156,10666,4555,6111,215,10666,5439,221,4743,263,215
0500000US22093,"St. James Parish, Louisiana",20390,9857,10533,2608,7249,2453,8080,5061,15329,20189,6278,13911,201,20189,9932,361,9866,30,201
0500000US22095,"St. John the Baptist Parish, Louisiana",42704,21013,21691,5947,15066,5416,16275,11363,31341,42088,13882,28206,616,42088,24262,2762,13346,1718,616
0500000US22097,"St. Landry Parish, Louisiana",82999,40248,42751,12453,27795,11775,30976,24228,58771,81396,37558,43838,1603,81396,32810,1914,43973,2699,1603
0500000US22099,"St. Martin Parish, Louisiana",52222,25763,26459,7042,18721,6752,19707,13794,38428,51720,18565,33155,502,51720,15123,1605,33293,1699,502
0500000US22101,"St. Mary Parish, Louisiana",49818,24671,25147,6650,18021,6414,18733,13064,36754,49055,20830,28225,763,49055,14629,3506,27588,3332,763
0500000US22103,"St. Tammany Parish, Louisiana",262799,128411,134388,35226,93185,33723,100665,68949,193850,260081,62489,197592,2718,260081,30483,15388,200876,13334,2718
0500000US22105,"Tangipahoa Parish, Louisiana",132492,64416,68076,18523,45893,18146,49930,36669,95823,128544,49174,79370,3948,128544,38263,5689,80804,3788,3948
0500000US22107,"Tensas Parish, Louisiana",4269,2048,2221,525,1523,602,1619,1127,3142,4252,2304,1948,17,4252,2261,126,1787,78,17
0500000US22109,"Terrebonne Parish, Louisiana",110100,54440,55660,15437,39003,14459,41201,29896,80204,108357,35467,72890,1743,108357,20433,5703,71677,10544,1743
0500000US22111,"Union Parish, Louisiana",21272,10725,10547,2857,7868,2416,8131,5273,15999,20670,8806,11864,602,20670,4931,1047,14281,411,602
0500000US22113,"Vermilion Parish, Louisiana",57775,28241,29534,8274,19967,7860,21674,16134,41641,57122,19586,37536,653,57122,8009,2114,44270,2729,653
0500000US22115,"Vernon Parish, Louisiana",49064,26090,22974,7249,18841,6601,16373,13850,35214,46170,16995,29175,2894,46170,6181,4199,32665,3125,2894
0500000US22117,"Washington Parish, Louisiana",45794,22867,22927,6260,16607,5690,17237,11950,33844,43574,20298,23276,2220,43574,12896,977,28825,876,2220
0500000US22119,"Webster Parish, Louisiana",37356,18344,19012,4881,13463,4468,14544,9349,28007,36396,20681,15715,960,36396,12405,753,22419,819,960
0500000US22121,"West Baton Rouge Parish, Louisiana",27064,13205,13859,3409,9796,3629,10230,7038,20026,26142,7520,18622,922,26142,10483,852,14608,199,922
0500000US22123,"West Carroll Parish, Louisiana",9959,5064,4895,1312,3752,1176,3719,2488,7471,9642,3621,6021,317,9642,1466,386,7629,161,317
0500000US22125,"West Feliciana Parish, Louisiana",15334,10312,5022,1799,8513,993,4029,2792,12542,11738,2985,8753,3596,11738,4258,127,7180,173,3596
0500000US22127,"Winn Parish, Louisiana",13875,7454,6421,1473,5981,1623,4798,3096,10779,12007,4541,7466,1868,12007,3272,165,8417,153,1868
0500000US23001,"Androscoggin County, Maine",110378,54152,56226,13675,40477,13127,43099,26802,83576,107112,30320,76792,3266,107112,2944,2044,96303,5821,3266
0500000US23003,"Aroostook County, Maine",67272,33661,33611,7334,26327,6675,26936,14009,53263,65264,21836,43428,2008,65264,494,894,61009,2867,2008
0500000US23005,"Cumberland County, Maine",300776,146923,153853,32580,114343,30817,123036,63397,237379,292581,50148,242433,8195,292581,8854,6163,260615,16949,8195
0500000US23007,"Franklin County, Maine",29487,14552,14935,3097,11455,3173,11762,6270,23217,28360,8297,20063,1127,28360,61,389,27001,909,1127
0500000US23009,"Hancock County, Maine",55417,27017,28400,5468,21549,5031,23369,10499,44918,54031,13389,40642,1386,54031,438,861,50828,1904,1386
0500000US23011,"Kennebec County, Maine",123293,60318,62975,13623,46695,13434,49541,27057,96236,119763,32433,87330,3530,119763,703,1895,113059,4106,3530
0500000US23013,"Knox County, Maine",40519,20404,20115,4275,16129,3576,16539,7851,32668,38849,9841,29008,1670,38849,105,566,37058,1120,1670
0500000US23015,"Lincoln County, Maine",35065,17252,17813,3542,13710,3063,14750,6605,28460,34497,8029,26468,568,34497,124,441,32554,1378,568
0500000US23017,"Oxford County, Maine",57807,28848,28959,6022,22826,5694,23265,11716,46091,56952,18475,38477,855,56952,177,848,53723,2204,855
0500000US23019,"Penobscot County, Maine",152211,75658,76553,17175,58483,15978,60575,33153,119058,145517,42677,102840,6694,145517,1197,2103,135288,6929,6694
0500000US23021,"Piscataquis County, Maine",16760,8480,8280,1594,6886,1579,6701,3173,13587,16390,5671,10719,370,16390,89,348,15376,577,370
0500000US23023,"Sagadahoc County, Maine",36530,17948,18582,3922,14026,3578,15004,7500,29030,36320,7852,28468,210,36320,232,706,34000,1382,210
0500000US23025,"Somerset County, Maine",50424,25056,25368,5362,19694,5146,20222,10508,39916,49628,18696,30932,796,49628,181,579,47298,1570,796
0500000US23027,"Waldo County, Maine",39618,19654,19964,4300,15354,3996,15968,8296,31322,38917,10995,27922,701,38917,153,611,36779,1374,701
0500000US23029,"Washington County, Maine",31003,15287,15716,3374,11913,3304,12412,6678,24325,30057,11189,18868,946,30057,198,770,26777,2312,946
0500000US23031,"York County, Maine",210486,103098,107388,22520,80578,21337,86051,43857,166629,207251,36700,170551,3235,207251,1939,3856,191729,9727,3235
0500000US24001,"Allegany County, Maryland",68684,36413,32271,7674,28739,7094,25177,14768,53916,60286,19632,40654,8398,60286,635,873,56842,1936,8398
0500000US24003,"Anne Arundel County, Maryland",584064,290533,293531,74206,216327,70282,223249,144488,439576,568465,72040,496425,15599,568465,92648,47224,378592,50001,15599
0500000US24005,"Baltimore County, Maryland",850702,404907,445795,106062,298845,103124,342671,209186,641516,830134,162309,667825,20568,830134,243905,47989,460601,77639,20568
0500000US24009,"Calvert County, Maryland",92515,46107,46408,12114,33993,11379,35029,23493,69022,91931,9160,82771,584,91931,11328,3991,70395,6217,584
0500000US24011,"Caroline County, Maryland",33234,16365,16869,4330,12035,4351,12518,8681,24553,32764,10722,22042,470,32764,4401,2543,24459,1361,470
0500000US24013,"Carroll County, Maryland",172148,85695,86453,21715,63980,20522,65931,42237,129911,168464,18759,149705,3684,168464,5263,6549,148590,8062,3684
0500000US24015,"Cecil County, Maryland",103370,51435,51935,13210,38225,12519,39416,25729,77641,102144,21901,80243,1226,102144,6591,4804,85785,4964,1226
0500000US24017,"Charles County, Maryland",165209,79875,85334,22214,57661,21584,63750,43798,121411,163415,22078,141337,1794,163415,78071,10428,60492,14424,1794
0500000US24019,"Dorchester County, Maryland",32486,15367,17119,3866,11501,3608,13511,7474,25012,32044,10090,21954,442,32044,8033,1895,20054,2062,442
0500000US24021,"Frederick County, Maryland",267498,132404,135094,35369,97035,34012,101082,69381,198117,262658,35258,227400,4840,262658,24855,27321,187351,23131,4840
0500000US24023,"Garrett County, Maryland",28955,14487,14468,3134,11353,2791,11677,5925,23030,28222,7875,20347,733,28222,134,322,27323,443,733
0500000US24025,"Harford County, Maryland",259162,127568,131594,33072,94496,30860,100734,63932,195230,257375,37536,219839,1787,257375,35907,12270,192236,16962,1787
0500000US24027,"Howard County, Maryland",329248,161866,167382,45242,116624,42840,124542,88082,241166,326236,38284,287952,3012,326236,62596,23485,162598,77557,3012
0500000US24029,"Kent County, Maryland",19335,9230,10105,1898,7332,2181,7924,4079,15256,17646,4120,13526,1689,17646,2432,753,13886,575,1689
0500000US24031,"Montgomery County, Maryland",1057201,514292,542909,138140,376152,131170,411739,269310,787891,1048143,163381,884762,9058,1048143,191729,206025,444342,206047,9058
0500000US24033,"Prince George's County, Maryland",957767,463046,494721,123608,339438,118666,376055,242274,715493,935655,183836,751819,22112,935655,580046,182706,107903,65000,22112
0500000US24035,"Queen Anne's County, Maryland",49702,24759,24943,5960,18799,5779,19164,11739,37963,49150,6728,42422,552,49150,2650,2142,41820,2538,552
0500000US24037,"St. Mary's County, Maryland",113209,56883,56326,15660,41223,15223,41103,30883,82326,110424,18121,92303,2785,110424,15429,6113,80352,8530,2785
0500000US24039,"Somerset County, Maryland",24834,13535,11299,2554,10981,2781,8518,5335,19499,19029,7464,11565,5805,19029,5956,579,11664,830,5805
0500000US24041,"Talbot County, Maryland",37510,17819,19691,3858,13961,3770,15921,7628,29882,37090,6672,30418,420,37090,4099,2638,28593,1760,420
0500000US24043,"Washington County, Maryland",153956,78738,75218,19013,59725,18020,57198,37033,116923,144920,37507,107413,9036,144920,11853,8167,115746,9154,9036
0500000US24045,"Wicomico County, Maryland",103223,49418,53805,14227,35191,13887,39918,28114,75109,99081,30054,69027,4142,99081,25997,5510,60629,6945,4142
0500000US24047,"Worcester County, Maryland",52322,25612,26710,5234,20378,4695,22015,9929,42393,51584,10585,40999,738,51584,6221,1883,41198,2282,738
0500000US24510,"Baltimore city, Maryland",592211,278792,313419,69665,209127,68544,244875,138209,454002,569917,205024,364893,22294,569917,352536,31858,155558,29965,22294
0500000US25001,"Barnstable County, Massachusetts",227942,110083,117859,20232,89851,18380,99479,38612,189330,225094,36463,188631,2848,225094,6563,7677,196618,14236,2848
0500000US25003,"Berkshire County, Massachusetts",129089,62894,66195,13098,49796,12574,53621,25672,103417,122888,27736,95152,6201,122888,2925,6226,107740,5997,6201
0500000US25005,"Bristol County, Massachusetts",576070,280746,295324,68588,212158,66114,229210,134702,441368,561262,129418,431844,14808,561262,21922,49362,443405,46573,14808
0500000US25007,"Dukes County, Massachusetts",20277,10030,10247,2175,7855,1932,8315,4107,16170,20085,3652,16433,192,20085,897,725,16483,1980,192
0500000US25009,"Essex County, Massachusetts",804598,389977,414621,98927,291050,94559,320062,193486,611112,787960,163618,624342,16638,787960,34493,175940,534677,42850,16638
0500000US25011,"Franklin County, Massachusetts",71085,34792,36293,7036,27756,6622,29671,13658,57427,69966,16709,53257,1119,69966,753,3048,62599,3566,1119
0500000US25013,"Hampden County, Massachusetts",466265,226473,239792,59021,167452,55778,184014,114799,351466,452068,135058,317010,14197,452068,40383,121519,273054,17112,14197
0500000US25015,"Hampshire County, Massachusetts",161810,75480,86330,17953,57527,20238,66092,38191,123619,138333,30309,108024,23477,138333,2498,7686,119271,8878,23477
0500000US25017,"Middlesex County, Massachusetts",1623411,799938,823473,188724,611214,180617,642856,369341,1254070,1568129,228897,1339232,55282,1568129,78667,128777,1092915,267770,55282
0500000US25019,"Nantucket County, Massachusetts",13795,7605,6190,1638,5967,1264,4926,2902,10893,13643,1737,11906,152,13643,1830,2018,9791,4,152
0500000US25021,"Norfolk County, Massachusetts",720403,349092,371311,86265,262827,83248,288063,169513,550890,702678,89184,613494,17725,702678,49344,34326,510541,108467,17725
0500000US25023,"Plymouth County, Massachusetts",527602,257936,269666,64783,193153,61338,208328,126121,401481,516077,75272,440805,11525,516077,47016,21519,407314,40228,11525
0500000US25025,"Suffolk County, Massachusetts",792647,383327,409320,81612,301715,83425,325895,165037,627610,748596,223157,525439,44051,748596,160490,179087,323186,85833,44051
0500000US25027,"Worcester County, Massachusetts",856858,424801,432057,105759,319042,100429,331628,206188,650670,829438,167875,661563,27420,829438,41610,101908,617244,68676,27420
0500000US26001,"Alcona County, Michigan",10138,5127,5011,735,4392,717,4294,1452,8686,10041,3209,6832,97,10041,48,175,9527,291,97
0500000US26003,"Alger County, Michigan",8911,4975,3936,827,4148,784,3152,1611,7300,7904,2434,5470,1007,7904,16,129,7021,738,1007
0500000US26005,"Allegan County, Michigan",119418,59868,59550,16056,43812,15408,44142,31464,87954,118181,26404,91777,1237,118181,1346,8993,102732,5110,1237
0500000US26007,"Alpena County, Michigan",28913,14370,14543,3094,11276,2984,11559,6078,22835,28366,10530,17836,547,28366,117,416,26816,1017,547
0500000US26009,"Antrim County, Michigan",23427,11717,11710,2371,9346,2289,9421,4660,18767,23209,5684,17525,218,23209,29,559,21769,852,218
0500000US26011,"Arenac County, Michigan",15009,7632,7377,1556,6076,1480,5897,3036,11973,14869,4675,10194,140,14869,62,325,13974,508,140
0500000US26013,"Baraga County, Michigan",8249,4565,3684,732,3833,779,2905,1511,6738,7276,2464,4812,973,7276,80,98,5622,1476,973
0500000US26015,"Barry County, Michigan",62014,31219,30795,7746,23473,7386,23409,15132,46882,61231,12447,48784,783,61231,230,1976,57245,1780,783
0500000US26017,"Bay County, Michigan",104050,51452,52598,11963,39489,11217,41381,23180,80870,103091,30355,72736,959,103091,1379,5877,92243,3592,959
0500000US26019,"Benzie County, Michigan",17926,9059,8867,1869,7190,1657,7210,3526,14400,17682,3935,13747,244,17682,40,421,16371,850,244
0500000US26021,"Berrien County, Michigan",154263,76016,78247,19048,56968,18150,60097,37198,117065,151406,48554,102852,2857,151406,21075,8715,112691,8925,2857
0500000US26023,"Branch County, Michigan",44677,23087,21590,5670,17417,5701,15889,11371,33306,42396,14651,27745,2281,42396,192,2205,38637,1362,2281
0500000US26025,"Calhoun County, Michigan",134207,66208,67999,17871,48337,16576,51423,34447,99760,130756,42215,88541,3451,130756,12956,7069,100737,9994,3451
0500000US26027,"Cass County, Michigan",51632,26042,25590,6126,19916,5887,19703,12013,39619,51172,12903,38269,460,51172,2493,2129,43537,3013,460
0500000US26029,"Charlevoix County, Michigan",26109,13047,13062,2759,10288,2675,10387,5434,20675,25781,5851,19930,328,25781,123,571,24013,1074,328
0500000US26031,"Cheboygan County, Michigan",25654,12974,12680,2549,10425,2189,10491,4738,20916,25342,8386,16956,312,25342,100,376,23097,1769,312
0500000US26033,"Chippewa County, Michigan",37091,19884,17207,4054,15830,3761,13446,7815,29276,33838,11591,22247,3253,33838,373,600,23405,9460,3253
0500000US26035,"Clare County, Michigan",30827,15589,15238,3537,12052,3244,11994,6781,24046,30424,12883,17541,403,30424,224,683,28808,709,403
0500000US26037,"Clinton County, Michigan",78895,39280,39615,9962,29318,9375,30240,19337,59558,78031,15273,62758,864,78031,1157,3621,69594,3659,864
0500000US26039,"Crawford County, Michigan",13102,6671,6431,1425,5246,1213,5218,2638,10464,12911,4059,8852,191,12911,21,287,12040,563,191
0500000US26041,"Delta County, Michigan",36836,18741,18095,4296,14445,3734,14361,8030,28806,36306,11149,25157,530,36306,58,535,33094,2619,530
0500000US26043,"Dickinson County, Michigan",25954,13109,12845,2897,10212,2778,10067,5675,20279,25516,6171,19345,438,25516,156,411,24142,807,438
0500000US26045,"Eaton County, Michigan",108972,53915,55057,13279,40636,12125,42932,25404,83568,107202,21046,86156,1770,107202,7464,5995,88064,5679,1770
0500000US26047,"Emmet County, Michigan",33946,16942,17004,3745,13197,3460,13544,7205,26741,33526,7207,26319,420,33526,183,653,30008,2682,420
0500000US26049,"Genesee County, Michigan",406400,196975,209425,51982,144993,49536,159889,101518,304882,401661,132865,268796,4739,401661,78615,14889,287741,20416,4739
0500000US26051,"Gladwin County, Michigan",25344,12768,12576,2796,9972,2577,9999,5373,19971,25074,9311,15763,270,25074,64,473,23833,704,270
0500000US26053,"Gogebic County, Michigan",14858,7809,7049,1438,6371,1240,5809,2678,12180,14120,5079,9041,738,14120,185,234,13057,644,738
0500000US26055,"Grand Traverse County, Michigan",94562,46809,47753,11152,35657,10116,37637,21268,73294,93189,20581,72608,1373,93189,664,2681,86248,3596,1373
0500000US26057,"Gratiot County, Michigan",41758,22518,19240,5028,17490,4579,14661,9607,32151,35847,11435,24412,5911,35847,552,2338,32054,903,5911
0500000US26059,"Hillsdale County, Michigan",45673,22947,22726,5822,17125,5526,17200,11348,34325,44038,15045,28993,1635,44038,171,1110,41569,1188,1635
0500000US26061,"Houghton County, Michigan",37485,20356,17129,5660,14696,4402,12727,10062,27423,34631,12295,22336,2854,34631,303,607,31875,1846,2854
0500000US26063,"Huron County, Michigan",31542,15733,15809,3378,12355,3359,12450,6737,24805,31169,9564,21605,373,31169,112,821,29523,713,373
0500000US26065,"Ingham County, Michigan",285660,139816,145844,36409,103407,35839,110005,72248,213412,268267,84189,184078,17393,268267,32249,22260,183685,30073,17393
0500000US26067,"Ionia County, Michigan",66564,35775,30789,8831,26944,7779,23010,16610,49954,62833,14584,48249,3731,62833,1265,3167,56665,1736,3731
0500000US26069,"Iosco County, Michigan",25262,12678,12584,2382,10296,2252,10332,4634,20628,24925,9360,15565,337,24925,132,643,23191,959,337
0500000US26071,"Iron County, Michigan",11580,5801,5779,1093,4708,1068,4711,2161,9419,11170,3739,7431,410,11170,97,246,10524,303,410
0500000US26073,"Isabella County, Michigan",65623,31890,33733,7991,23899,8882,24851,16873,48750,59569,24192,35377,6054,59569,982,2511,50424,5652,6054
0500000US26075,"Jackson County, Michigan",160765,82599,78166,19907,62692,18690,59476,38597,122168,151000,41450,109550,9765,151000,9418,5487,128727,7368,9765
0500000US26077,"Kalamazoo County, Michigan",261280,128372,132908,33488,94884,32300,100608,65788,195492,253356,72861,180495,7924,253356,27115,13429,194312,18500,7924
0500000US26079,"Kalkaska County, Michigan",17813,9058,8755,2101,6957,1974,6781,4075,13738,17680,6562,11118,133,17680,217,376,16524,563,133
0500000US26081,"Kent County, Michigan",654958,324783,330175,89844,234939,85258,244917,175102,479856,644240,154878,489362,10718,644240,60211,71134,466952,45943,10718
0500000US26083,"Keweenaw County, Michigan",2052,1054,998,139,915,183,815,322,1730,2047,490,1557,5,2047,11,39,1974,23,5
0500000US26085,"Lake County, Michigan",12248,6311,5937,1146,5165,1131,4806,2277,9971,11948,5325,6623,300,11948,832,283,10284,549,300
0500000US26087,"Lapeer County, Michigan",88644,45420,43224,10578,34842,9666,33558,20244,68400,86792,19263,67529,1852,86792,187,4297,79804,2504,1852
0500000US26089,"Leelanau County, Michigan",22251,11046,11205,2063,8983,1873,9332,3936,18315,22038,3602,18436,213,22038,50,927,19840,1221,213
0500000US26091,"Lenawee County, Michigan",99346,50510,48836,12458,38052,11335,37501,23793,75553,94394,26060,68334,4952,94394,930,8072,82107,3285,4952
0500000US26093,"Livingston County, Michigan",193234,97614,95620,23566,74048,21850,73770,45416,147818,191793,25600,166193,1441,191793,777,5076,179704,6236,1441
0500000US26095,"Luce County, Michigan",5520,3281,2239,534,2747,448,1791,982,4538,4498,1627,2871,1022,4498,29,115,3875,479,1022
0500000US26097,"Mackinac County, Michigan",10814,5582,5232,994,4588,833,4399,1827,8987,10681,3555,7126,133,10681,347,213,7785,2336,133
0500000US26099,"Macomb County, Michigan",879123,430674,448449,104905,325769,99115,349334,204020,675103,870714,203315,667399,8409,870714,104331,24372,673850,68161,8409
0500000US26101,"Manistee County, Michigan",24939,12852,12087,2369,10483,2442,9645,4811,20128,23661,6745,16916,1278,23661,239,810,21506,1106,1278
0500000US26103,"Marquette County, Michigan",66380,33631,32749,7385,26246,7390,25359,14775,51605,63158,17609,45549,3222,63158,599,917,58399,3243,3222
0500000US26105,"Mason County, Michigan",29103,14605,14498,3478,11127,3048,11450,6526,22577,28753,8488,20265,350,28753,274,1379,26083,1017,350
0500000US26107,"Mecosta County, Michigan",40051,20225,19826,5053,15172,4984,14842,10037,30014,37270,14410,22860,2781,37270,768,860,34131,1511,2781
0500000US26109,"Menominee County, Michigan",23477,12075,11402,2500,9575,2299,9103,4799,18678,22947,6487,16460,530,22947,120,474,21210,1143,530
0500000US26111,"Midland County, Michigan",83467,41584,41883,10337,31247,9673,32210,20010,63457,82130,18920,63210,1337,82130,1180,2500,74371,4079,1337
0500000US26113,"Missaukee County, Michigan",15038,7623,7415,1938,5685,1821,5594,3759,11279,14888,4942,9946,150,14888,41,462,13825,560,150
0500000US26115,"Monroe County, Michigan",154068,76651,77417,18573,58078,17560,59857,36133,117935,152293,33400,118893,1775,152293,3429,5622,137990,5252,1775
0500000US26117,"Montcalm County, Michigan",66430,34442,31988,8180,26262,7966,24022,16146,50284,63652,19498,44154,2778,63652,466,2233,58743,2210,2778
0500000US26119,"Montmorency County, Michigan",9164,4686,4478,827,3859,724,3754,1551,7613,9029,3188,5841,135,9029,18,129,8597,285,135
0500000US26121,"Muskegon County, Michigan",175633,87555,88078,22768,64787,21810,66268,44578,131055,169411,53460,115951,6222,169411,20859,9947,129864,8741,6222
0500000US26123,"Newaygo County, Michigan",49653,25129,24524,6342,18787,5947,18577,12289,37364,49052,15949,33103,601,49052,358,2915,43910,1869,601
0500000US26125,"Oakland County, Michigan",1271983,627237,644746,150439,476798,143837,500909,294276,977707,1261186,206386,1054800,10797,1261186,165472,55862,891240,148612,10797
0500000US26127,"Oceana County, Michigan",26555,13595,12960,3353,10242,3236,9724,6589,19966,26207,9380,16827,348,26207,233,4008,21237,729,348
0500000US26129,"Ogemaw County, Michigan",20745,10506,10239,2222,8284,2008,8231,4230,16515,20341,7673,12668,404,20341,26,455,19148,712,404
0500000US26131,"Ontonagon County, Michigan",5891,3021,2870,407,2614,425,2445,832,5059,5829,1977,3852,62,5829,11,91,5512,215,62
0500000US26133,"Osceola County, Michigan",22917,11723,11194,3038,8685,2625,8569,5663,17254,22459,7374,15085,458,22459,131,436,21233,659,458
0500000US26135,"Oscoda County, Michigan",8206,4218,3988,938,3280,801,3187,1739,6467,8153,2971,5182,53,8153,47,144,7711,251,53
0500000US26137,"Otsego County, Michigan",25016,12563,12453,3033,9530,2803,9650,5836,19180,24644,6743,17901,372,24644,197,447,23234,766,372
0500000US26139,"Ottawa County, Michigan",293713,145904,147809,41737,104167,41023,106786,82760,210953,284054,53476,230578,9659,284054,4117,29248,235881,14808,9659
0500000US26141,"Presque Isle County, Michigan",12976,6484,6492,1135,5349,1122,5370,2257,10719,12837,3788,9049,139,12837,45,195,12248,349,139
0500000US26143,"Roscommon County, Michigan",23458,11749,11709,1950,9799,1894,9815,3844,19614,23121,8229,14892,337,23121,57,476,21681,907,337
0500000US26145,"Saginaw County, Michigan",190540,93155,97385,23990,69165,22888,74497,46878,143662,184395,61539,122856,6145,184395,34850,16532,126771,6242,6145
0500000US26147,"St. Clair County, Michigan",160067,80013,80054,19122,60891,17827,62227,36949,123118,158115,40194,117921,1952,158115,3408,5492,143557,5658,1952
0500000US26149,"St. Joseph County, Michigan",60828,30555,30273,8472,22083,7999,22274,16471,44357,59879,17534,42345,949,59879,1288,5033,51354,2204,949
0500000US26151,"Sanilac County, Michigan",40829,20523,20306,4906,15617,4750,15556,9656,31173,40223,13444,26779,606,40223,136,1572,37627,888,606
0500000US26153,"Schoolcraft County, Michigan",8004,4042,3962,794,3248,695,3267,1489,6515,7891,2478,5413,113,7891,7,107,6703,1074,113
0500000US26155,"Shiawassee County, Michigan",68203,33888,34315,8189,25699,7789,26526,15978,52225,67316,17720,49596,887,67316,455,2003,63082,1776,887
0500000US26157,"Tuscola County, Michigan",53288,27064,26224,6426,20638,5584,20640,12010,41278,52255,16413,35842,1033,52255,451,1910,48342,1552,1033
0500000US26159,"Van Buren County, Michigan",75550,37643,37907,9947,27696,9372,28535,19319,56231,74623,22065,52558,927,74623,2591,8890,59795,3347,927
0500000US26161,"Washtenaw County, Michigan",372428,185318,187110,45889,139429,44478,142632,90367,282061,352632,82667,269965,19796,352632,40643,17308,246290,48391,19796
0500000US26163,"Wayne County, Michigan",1789781,866550,923231,239292,627258,229057,694174,468349,1321432,1770587,645537,1125050,19194,1770587,668420,110160,869499,122508,19194
0500000US26165,"Wexford County, Michigan",33552,16848,16704,4321,12527,4197,12507,8518,25034,33183,10759,22424,369,33183,271,725,30800,1387,369
0500000US27001,"Aitkin County, Minnesota",15747,7966,7781,1488,6478,1441,6340,2929,12818,15542,4463,11079,205,15542,36,224,14479,803,205
0500000US27003,"Anoka County, Minnesota",360773,181426,179347,48290,133136,46176,133171,94466,266307,357436,53576,303860,3337,357436,26224,17640,282373,31199,3337
0500000US27005,"Becker County, Minnesota",34995,17507,17488,4622,12885,4666,12822,9288,25707,34342,9173,25169,653,34342,174,778,29418,3972,653
0500000US27007,"Beltrami County, Minnesota",46033,23023,23010,6893,16130,6487,16523,13380,32653,43999,14756,29243,2034,43999,384,1130,31078,11407,2034
0500000US27009,"Benton County, Minnesota",41087,20665,20422,5783,14882,5608,14814,11391,29696,40380,9133,31247,707,40380,1880,1183,35510,1807,707
0500000US27011,"Big Stone County, Minnesota",5155,2589,2566,600,1989,569,1997,1169,3986,5020,1391,3629,135,5020,4,104,4787,125,135
0500000US27013,"Blue Earth County, Minnesota",68575,34598,33977,9193,25405,8531,25446,17724,50851,65213,20464,44749,3362,65213,2960,2661,56652,2940,3362
0500000US27015,"Brown County, Minnesota",25894,12958,12936,3425,9533,3096,9840,6521,19373,24822,5506,19316,1072,24822,178,1193,23033,418,1072
0500000US27017,"Carlton County, Minnesota",36145,19115,17030,4537,14578,4264,12766,8801,27344,34205,8100,26105,1940,34205,276,382,30721,2826,1940
0500000US27019,"Carver County, Minnesota",105694,52845,52849,15809,37036,14948,37901,30757,74937,104619,9275,95344,1075,104619,1671,4488,91663,6797,1075
0500000US27021,"Cass County, Minnesota",29917,15421,14496,3671,11750,3179,11317,6850,23067,29492,8960,20532,425,29492,89,698,23840,4865,425
0500000US27023,"Chippewa County, Minnesota",12509,6318,6191,1594,4724,1541,4650,3135,9374,12295,3412,8883,214,12295,140,986,10551,618,214
0500000US27025,"Chisago County, Minnesota",56328,29338,26990,7374,21964,6700,20290,14074,42254,54823,7790,47033,1505,54823,169,1298,51053,2303,1505
0500000US27027,"Clay County, Minnesota",64975,32404,32571,9886,22518,9351,23220,19237,45738,61584,14910,46674,3391,61584,2882,3026,52887,2789,3391
0500000US27029,"Clearwater County, Minnesota",8525,4301,4224,1161,3140,1162,3062,2323,6202,8386,2481,5905,139,8386,4,202,7014,1166,139
0500000US27031,"Cook County, Minnesota",5574,2830,2744,521,2309,410,2334,931,4643,5525,1074,4451,49,5525,0,139,4683,703,49
0500000US27033,"Cottonwood County, Minnesota",11484,5759,5725,1569,4190,1531,4194,3100,8384,11315,3145,8170,169,11315,162,996,9531,626,169
0500000US27035,"Crow Wing County, Minnesota",65879,32994,32885,7912,25082,7580,25305,15492,50387,64935,16756,48179,944,64935,417,1010,61274,2234,944
0500000US27037,"Dakota County, Minnesota",435863,216277,219586,59913,156364,56285,163301,116198,319665,432943,61724,371219,2920,432943,29311,32573,330789,40270,2920
0500000US27039,"Dodge County, Minnesota",20798,10539,10259,3055,7484,2825,7434,5880,14918,20609,3150,17459,189,20609,89,1042,18715,763,189
0500000US27041,"Douglas County, Minnesota",38742,19507,19235,4644,14863,4547,14688,9191,29551,38271,7686,30585,471,38271,83,720,36501,967,471
0500000US27043,"Faribault County, Minnesota",13933,7041,6892,1772,5269,1627,5265,3399,10534,13628,3935,9693,305,13628,64,1047,12193,324,305
0500000US27045,"Fillmore County, Minnesota",21179,10760,10419,3008,7752,2685,7734,5693,15486,20731,4985,15746,448,20731,104,362,19741,524,448
0500000US27047,"Freeborn County, Minnesota",30882,15439,15443,3822,11617,3575,11868,7397,23485,30356,8663,21693,526,30356,306,3157,25407,1486,526
0500000US27049,"Goodhue County, Minnesota",47503,23754,23749,5987,17767,5557,18192,11544,35959,46604,8601,38003,899,46604,567,1648,42459,1930,899
0500000US27051,"Grant County, Minnesota",6045,3083,2962,754,2329,721,2241,1475,4570,5943,1589,4354,102,5943,43,139,5643,118,102
0500000US27053,"Hennepin County, Minnesota",1270283,631508,638775,157447,474061,151859,486916,309306,960977,1249220,247767,1001453,21063,1249220,165568,87778,842974,152900,21063
0500000US27055,"Houston County, Minnesota",18806,9458,9348,2338,7120,2226,7122,4564,14242,18554,3487,15067,252,18554,192,253,17502,607,252
0500000US27057,"Hubbard County, Minnesota",21219,10829,10390,2476,8353,2420,7970,4896,16323,20872,5274,15598,347,20872,156,519,19249,948,347
0500000US27059,"Isanti County, Minnesota",40604,20573,20031,5391,15182,5077,14954,10468,30136,40246,7977,32269,358,40246,258,926,37441,1621,358
0500000US27061,"Itasca County, Minnesota",44969,22821,22148,5530,17291,4910,17238,10440,34529,43870,11760,32110,1099,43870,129,708,39376,3657,1099
0500000US27063,"Jackson County, Minnesota",10016,5151,4865,1276,3875,1126,3739,2402,7614,9849,2359,7490,167,9849,10,396,9037,406,167
0500000US27065,"Kanabec County, Minnesota",16004,7998,8006,1849,6149,1918,6088,3767,12237,15721,4393,11328,283,15721,59,271,14802,589,283
0500000US27067,"Kandiyohi County, Minnesota",43504,21941,21563,5946,15995,5820,15743,11766,31738,42531,11391,31140,973,42531,2376,5495,33239,1421,973
0500000US27069,"Kittson County, Minnesota",4213,2118,2095,508,1610,494,1601,1002,3211,4073,909,3164,140,4073,50,68,3847,108,140
0500000US27071,"Koochiching County, Minnesota",12203,6141,6062,1259,4882,1240,4822,2499,9704,11934,2905,9029,269,11934,35,153,10944,802,269
0500000US27073,"Lac qui Parle County, Minnesota",6753,3428,3325,833,2595,717,2608,1550,5203,6605,1463,5142,148,6605,21,171,6236,177,148
0500000US27075,"Lake County, Minnesota",10835,5576,5259,1101,4475,1050,4209,2151,8684,10655,2340,8315,180,10655,15,166,10182,292,180
0500000US27077,"Lake of the Woods County, Minnesota",3757,2010,1747,430,1580,399,1348,829,2928,3714,1014,2700,43,3714,1,1,3409,303,43
0500000US27079,"Le Sueur County, Minnesota",28567,14459,14108,3802,10657,3606,10502,7408,21159,28318,5267,23051,249,28318,195,1861,25602,660,249
0500000US27081,"Lincoln County, Minnesota",5655,2884,2771,750,2134,656,2115,1406,4249,5485,1416,4069,170,5485,34,102,5228,121,170
0500000US27083,"Lyon County, Minnesota",25477,12511,12966,3772,8739,3802,9164,7574,17903,24424,7017,17407,1053,24424,738,1820,20234,1632,1053
0500000US27085,"McLeod County, Minnesota",36662,18377,18285,4792,13585,4540,13745,9332,27330,36286,7619,28667,376,36286,163,2421,32606,1096,376
0500000US27087,"Mahnomen County, Minnesota",5429,2782,2647,990,1792,854,1793,1844,3585,5288,2469,2819,141,5288,65,255,2385,2583,141
0500000US27089,"Marshall County, Minnesota",9082,4585,4497,1142,3443,1181,3316,2323,6759,8929,1886,7043,153,8929,29,415,8281,204,153
0500000US27091,"Martin County, Minnesota",20070,10033,10037,2464,7569,2354,7683,4818,15252,19850,5297,14553,220,19850,70,1031,18104,645,220
0500000US27093,"Meeker County, Minnesota",23268,11904,11364,3185,8719,2998,8366,6183,17085,22911,4819,18092,357,22911,82,976,21406,447,357
0500000US27095,"Mille Lacs County, Minnesota",26397,13398,12999,3584,9814,3271,9728,6855,19542,25812,7130,18682,585,25812,43,668,22843,2258,585
0500000US27097,"Morrison County, Minnesota",33876,17258,16618,4553,12705,4088,12530,8641,25235,33392,8598,24794,484,33392,84,575,31838,895,484
0500000US27099,"Mower County, Minnesota",39985,20331,19654,5758,14573,5318,14336,11076,28909,39161,11410,27751,824,39161,1332,4751,30006,3072,824
0500000US27101,"Murray County, Minnesota",8224,4149,4075,997,3152,963,3112,1960,6264,8090,1507,6583,134,8090,42,366,7459,223,134
0500000US27103,"Nicollet County, Minnesota",34295,17193,17102,4401,12792,4721,12381,9122,25173,31826,6567,25259,2469,31826,670,1578,27829,1749,2469
0500000US27105,"Nobles County, Minnesota",22223,11479,10744,3479,8000,3402,7342,6881,15342,21895,7505,14390,328,21895,1180,6450,12478,1787,328
0500000US27107,"Norman County, Minnesota",6500,3353,3147,886,2467,805,2342,1691,4809,6316,1710,4606,184,6316,75,336,5628,277,184
0500000US27109,"Olmsted County, Minnesota",160928,78946,81982,21887,57059,21024,60958,42911,118017,158267,27894,130373,2661,158267,10265,8277,124378,15347,2661
0500000US27111,"Otter Tail County, Minnesota",59728,30181,29547,7406,22775,6907,22640,14313,45415,58744,13944,44800,984,58744,629,2136,53949,2030,984
0500000US27113,"Pennington County, Minnesota",14063,7017,7046,1789,5228,1746,5300,3535,10528,13866,2939,10927,197,13866,171,567,12471,657,197
0500000US27115,"Pine County, Minnesota",28997,15615,13382,3304,12311,2979,10403,6283,22714,27328,7305,20023,1669,27328,298,714,24705,1611,1669
0500000US27117,"Pipestone County, Minnesota",9370,4570,4800,1352,3218,1333,3467,2685,6685,9218,2601,6617,152,9218,102,705,7991,420,152
0500000US27119,"Polk County, Minnesota",31303,16028,15275,4504,11524,4045,11230,8549,22754,30199,8271,21928,1104,30199,635,2070,25888,1606,1104
0500000US27121,"Pope County, Minnesota",11216,5774,5442,1405,4369,1157,4285,2562,8654,11014,2174,8840,202,11014,55,192,10479,288,202
0500000US27123,"Ramsey County, Minnesota",549377,269513,279864,73525,195988,70648,209216,144173,405204,536204,142784,393420,13173,536204,65700,41207,321430,107867,13173
0500000US27125,"Red Lake County, Minnesota",3921,2006,1915,526,1480,499,1416,1025,2896,3905,863,3042,16,3905,35,138,3579,153,16
0500000US27127,"Redwood County, Minnesota",15435,7757,7678,2165,5592,2063,5615,4228,11207,15127,4126,11001,308,15127,85,571,13081,1390,308
0500000US27129,"Renville County, Minnesota",14768,7525,7243,1912,5613,1821,5422,3733,11035,14423,3664,10759,345,14423,48,1340,12498,537,345
0500000US27131,"Rice County, Minnesota",66795,34262,32533,8796,25466,8944,23589,17740,49055,58615,13152,45463,8180,58615,3169,4974,48441,2031,8180
0500000US27133,"Rock County, Minnesota",9718,4744,4974,1368,3376,1372,3602,2740,6978,9440,2222,7218,278,9440,30,256,8830,324,278
0500000US27135,"Roseau County, Minnesota",15321,8057,7264,2176,5881,1855,5409,4031,11290,15044,3153,11891,277,15044,158,218,13634,1034,277
0500000US27137,"St. Louis County, Minnesota",200311,100911,99400,23361,77550,22244,77156,45605,154706,192339,51677,140662,7972,192339,2442,3320,175428,11149,7972
0500000US27139,"Scott County, Minnesota",149568,74727,74841,22575,52152,21904,52937,44479,105089,147688,17488,130200,1880,147688,7063,8056,117087,15482,1880
0500000US27141,"Sherburne County, Minnesota",96295,49176,47119,13840,35336,13805,33314,27645,68650,94130,12215,81915,2165,94130,2424,2435,84458,4813,2165
0500000US27143,"Sibley County, Minnesota",14948,7603,7345,1905,5698,1928,5417,3833,11115,14821,2898,11923,127,14821,135,1370,13007,309,127
0500000US27145,"Stearns County, Minnesota",157638,79779,77859,22330,57449,21620,56239,43950,113688,151152,38551,112601,6486,151152,11373,5346,127286,7147,6486
0500000US27147,"Steele County, Minnesota",37363,18827,18536,5255,13572,4972,13564,10227,27136,36863,8243,28620,500,36863,1208,2995,31559,1101,500
0500000US27149,"Stevens County, Minnesota",9669,4950,4719,1432,3518,1299,3420,2731,6938,9401,2253,7148,268,9401,167,680,8144,410,268
0500000US27151,"Swift County, Minnesota",9810,5006,4804,1295,3711,1162,3642,2457,7353,9683,2932,6751,127,9683,122,536,8694,331,127
0500000US27153,"Todd County, Minnesota",25121,13006,12115,3402,9604,3119,8996,6521,18600,24740,7567,17173,381,24740,132,1653,22046,909,381
0500000US27155,"Traverse County, Minnesota",3362,1666,1696,388,1278,393,1303,781,2581,3283,815,2468,79,3283,4,137,2853,289,79
0500000US27157,"Wabasha County, Minnesota",21425,10893,10532,2658,8235,2439,8093,5097,16328,21212,3630,17582,213,21212,97,652,20013,450,213
0500000US27159,"Wadena County, Minnesota",14009,7001,7008,2017,4984,2007,5001,4024,9985,13634,4459,9175,375,13634,122,289,12556,667,375
0500000US27161,"Waseca County, Minnesota",18972,9164,9808,2449,6715,2404,7404,4853,14119,18037,3934,14103,935,18037,101,1032,16294,610,935
0500000US27163,"Washington County, Minnesota",264818,131721,133097,36181,95540,34583,98514,70764,194054,261262,28674,232588,3556,261262,11921,11765,211844,25732,3556
0500000US27165,"Watonwan County, Minnesota",11223,5674,5549,1661,4013,1430,4119,3091,8132,11105,2796,8309,118,11105,39,2992,7779,295,118
0500000US27167,"Wilkin County, Minnesota",6495,3399,3096,855,2544,804,2292,1659,4836,6391,1728,4663,104,6391,5,229,5925,232,104
0500000US27169,"Winona County, Minnesota",49889,24868,25021,5924,18944,6148,18873,12072,37817,46459,12110,34349,3430,46459,372,1404,42362,2321,3430
0500000US27171,"Wright County, Minnesota",139890,71254,68636,22038,49216,20323,48313,42361,97529,138525,17917,120608,1365,138525,2246,4370,126195,5714,1365
0500000US27173,"Yellow Medicine County, Minnesota",9616,4810,4806,1167,3643,1238,3568,2405,7211,9469,2308,7161,147,9469,63,470,8428,508,147
0500000US28001,"Adams County, Mississippi",29927,14449,15478,3462,10987,3847,11631,7309,22618,27632,13657,13975,2295,27632,15345,2345,9615,327,2295
0500000US28003,"Alcorn County, Mississippi",34964,17123,17841,4574,12549,4226,13615,8800,26164,34128,14195,19933,836,34128,3404,1168,27940,1616,836
0500000US28005,"Amite County, Mississippi",12718,6341,6377,1605,4736,1185,5192,2790,9928,12622,6497,6125,96,12622,5158,7,7257,200,96
0500000US28007,"Attala County, Mississippi",18025,8649,9376,2478,6171,2575,6801,5053,12972,17777,8093,9684,248,17777,7683,393,9355,346,248
0500000US28009,"Benton County, Mississippi",7687,3809,3878,902,2907,814,3064,1716,5971,7622,2642,4980,65,7622,2451,217,4593,361,65
0500000US28011,"Bolivar County, Mississippi",31301,14680,16621,4417,10263,4391,12230,8808,22493,29534,16171,13363,1767,29534,18731,687,8937,1179,1767
0500000US28013,"Calhoun County, Mississippi",13420,6564,6856,1830,4734,1651,5205,3481,9939,13243,5410,7833,177,13243,3730,819,8483,211,177
0500000US28015,"Carroll County, Mississippi",10053,5233,4820,1277,3956,899,3921,2176,7877,9749,3797,5952,304,9749,3411,4,6336,-2,304
0500000US28017,"Chickasaw County, Mississippi",17100,8337,8763,2346,5991,2344,6419,4690,12410,16588,8142,8446,512,16588,7382,827,8176,203,512
0500000US28019,"Choctaw County, Mississippi",8264,4096,4168,1093,3003,911,3257,2004,6260,8153,3458,4695,111,8153,2422,50,5508,173,111
0500000US28021,"Claiborne County, Mississippi",9115,4306,4809,1286,3020,1626,3183,2912,6203,8262,4848,3414,853,8262,7115,5,964,178,853
0500000US28023,"Clarke County, Mississippi",15678,7315,8363,1893,5422,1998,6365,3891,11787,15591,6052,9539,87,15591,5413,191,9848,139,87
0500000US28025,"Clay County, Mississippi",18768,8992,9776,2571,6421,2348,7428,4919,13849,18539,8480,10059,229,18539,11142,21,7085,291,229
0500000US28027,"Coahoma County, Mississippi",21839,10113,11726,3399,6714,3337,8389,6736,15103,21259,12548,8711,580,21259,16151,331,4194,583,580
0500000US28029,"Copiah County, Mississippi",28453,13522,14931,3712,9810,4381,10550,8093,20360,27533,10741,16792,920,27533,14044,962,11972,555,920
0500000US28031,"Covington County, Mississippi",18491,9121,9370,2674,6447,2361,7009,5035,13456,18252,7876,10376,239,18252,6579,459,10970,244,239
0500000US28033,"DeSoto County, Mississippi",183220,88501,94719,26440,62061,25315,69404,51755,131465,181319,39238,142081,1901,181319,53191,9396,111360,7372,1901
0500000US28035,"Forrest County, Mississippi",77743,37070,40673,10619,26451,10065,30608,20684,57059,74632,30162,44470,3111,74632,27270,2300,42616,2446,3111
0500000US28037,"Franklin County, Mississippi",7705,3927,3778,1251,2676,759,3019,2010,5695,7628,3353,4275,77,7628,2730,1,4758,139,77
0500000US28039,"George County, Mississippi",24260,12248,12012,3423,8825,3581,8431,7004,17256,23583,9068,14515,677,23583,1596,718,20766,503,677
0500000US28041,"Greene County, Mississippi",13653,8196,5457,1515,6681,1355,4102,2870,10783,9681,2853,6828,3972,9681,1307,110,8177,87,3972
0500000US28043,"Grenada County, Mississippi",21621,10669,10952,3154,7515,2378,8574,5532,16089,21340,8971,12369,281,21340,9506,121,11277,436,281
0500000US28045,"Hancock County, Mississippi",45911,22360,23551,5564,16796,4944,18607,10508,35403,45529,14010,31519,382,45529,3164,1739,38478,2148,382
0500000US28047,"Harrison County, Mississippi",207382,102101,105281,28902,73199,26551,78730,55453,151929,201757,71149,130608,5625,201757,50908,10811,127250,12788,5625
0500000US28049,"Hinds County, Mississippi",230772,108362,122410,32150,76212,31323,91087,63473,167299,222786,91689,131097,7986,222786,162642,3479,53177,3488,7986
0500000US28051,"Holmes County, Mississippi",17243,8283,8960,2682,5601,2417,6543,5099,12144,16566,10420,6146,677,16566,14180,53,2287,46,677
0500000US28053,"Humphreys County, Mississippi",7916,3736,4180,1192,2544,1051,3129,2243,5673,7838,5053,2785,78,7838,6144,66,1556,72,78
0500000US28055,"Issaquena County, Mississippi",1111,730,381,74,656,65,316,139,972,781,543,238,330,781,489,8,277,7,330
0500000US28057,"Itawamba County, Mississippi",23863,11905,11958,3246,8659,2974,8984,6220,17643,22464,6915,15549,1399,22464,1288,394,20387,395,1399
0500000US28059,"Jackson County, Mississippi",142993,70932,72061,19361,51571,17211,54850,36572,106421,141506,45306,96200,1487,141506,29150,9892,95041,7423,1487
0500000US28061,"Jasper County, Mississippi",16406,8009,8397,2269,5740,2040,6357,4309,12097,16257,6521,9736,149,16257,8870,149,7145,93,149
0500000US28063,"Jefferson County, Mississippi",7286,3497,3789,870,2627,1012,2777,1882,5404,6787,3451,3336,499,6787,5719,369,831,-132,499
0500000US28065,"Jefferson Davis County, Mississippi",11372,5483,5889,1397,4086,1091,4798,2488,8884,11219,5262,5957,153,11219,6885,11,4218,105,153
0500000US28067,"Jones County, Mississippi",67374,33013,34361,9864,23149,9300,25061,19164,48210,66018,27577,38441,1356,66018,19280,3115,42567,1056,1356
0500000US28069,"Kemper County, Mississippi",9211,4718,4493,1163,3555,1099,3394,2262,6949,8341,3965,4376,870,8341,5163,0,2809,369,870
0500000US28071,"Lafayette County, Mississippi",55727,27214,28513,7269,19945,7607,20906,14876,40851,51483,19415,32068,4244,51483,12455,1286,35528,2214,4244
0500000US28073,"Lamar County, Mississippi",63610,30354,33256,8478,21876,8661,24595,17139,46471,63082,21709,41373,528,63082,12929,1881,46119,2153,528
0500000US28075,"Lauderdale County, Mississippi",73756,35933,37823,9876,26057,9443,28380,19319,54437,70470,29770,40700,3286,70470,30503,1667,36625,1675,3286
0500000US28077,"Lawrence County, Mississippi",12055,5940,6115,1843,4097,1656,4459,3499,8556,12053,5254,6799,2,12053,3933,95,7755,270,2
0500000US28079,"Leake County, Mississippi",21452,10831,10621,3378,7453,2661,7960,6039,15413,20912,9525,11387,540,20912,8658,1034,9764,1456,540
0500000US28081,"Lee County, Mississippi",83388,40025,43363,11705,28320,11380,31983,23085,60303,82289,22265,60024,1099,82289,24442,2406,52715,2726,1099
0500000US28083,"Leflore County, Mississippi",28555,13475,15080,4617,8858,4232,10848,8849,19706,27301,15401,11900,1254,27301,20428,720,5844,309,1254
0500000US28085,"Lincoln County, Mississippi",34910,16563,18347,4469,12094,4591,13756,9060,25850,34451,12805,21646,459,34451,10497,454,23061,439,459
0500000US28087,"Lowndes County, Mississippi",58904,28113,30791,7973,20140,7694,23097,15667,43237,57180,20885,36295,1724,57180,25537,1126,29114,1403,1724
0500000US28089,"Madison County, Mississippi",108248,52258,55990,15136,37122,14635,41355,29771,78477,106575,23126,83449,1673,106575,39841,3303,58979,4452,1673
0500000US28091,"Marion County, Mississippi",24609,11645,12964,2888,8757,3424,9540,6312,18297,23813,11087,12726,796,23813,7722,410,15303,378,796
0500000US28093,"Marshall County, Mississippi",34031,16968,17063,3956,13012,4079,12984,8035,25996,31820,13312,18508,2211,31820,14314,1358,15473,675,2211
0500000US28095,"Monroe County, Mississippi",34448,16569,17879,4291,12278,4083,13796,8374,26074,33618,12067,21551,830,33618,10012,464,22684,458,830
0500000US28097,"Montgomery County, Mississippi",9948,4331,5617,843,3488,1747,3870,2590,7358,9841,4609,5232,107,9841,4340,100,5104,297,107
0500000US28099,"Neshoba County, Mississippi",29153,13817,15336,4404,9413,4606,10730,9010,20143,28661,13720,14941,492,28661,6492,69,16508,5592,492
0500000US28101,"Newton County, Mississippi",21385,10273,11112,2997,7276,3054,8058,6051,15334,20768,8140,12628,617,20768,6368,434,12446,1520,617
0500000US28103,"Noxubee County, Mississippi",10410,4785,5625,1360,3425,1497,4128,2857,7553,10226,4729,5497,184,10226,7504,13,2587,122,184
0500000US28105,"Oktibbeha County, Mississippi",51339,25576,25763,6785,18791,6646,19117,13431,37908,47123,20973,26150,4216,47123,17506,813,25954,2850,4216
0500000US28107,"Panola County, Mississippi",33300,16071,17229,4669,11402,4395,12834,9064,24236,33050,15757,17293,250,33050,16106,648,15402,894,250
0500000US28109,"Pearl River County, Mississippi",55972,27569,28403,7304,20265,7035,21368,14339,41633,54704,16989,37715,1268,54704,6793,1860,44351,1700,1268
0500000US28111,"Perry County, Mississippi",11611,5831,5780,1628,4203,1284,4496,2912,8699,11406,5030,6376,205,11406,1588,655,8812,351,205
0500000US28113,"Pike County, Mississippi",40262,19124,21138,5903,13221,5741,15397,11644,28618,39133,19147,19986,1129,39133,21265,623,16668,577,1129
0500000US28115,"Pontotoc County, Mississippi",31136,15049,16087,4240,10809,4693,11394,8933,22203,30835,10328,20507,301,30835,4728,2205,23386,516,301
0500000US28117,"Prentiss County, Mississippi",25022,12146,12876,3209,8937,3280,9596,6489,18533,23905,9092,14813,1117,23905,2418,350,19740,1397,1117
0500000US28119,"Quitman County, Mississippi",6327,2965,3362,788,2177,790,2572,1578,4749,6179,3729,2450,148,6179,4524,14,1547,94,148
0500000US28121,"Rankin County, Mississippi",156052,75686,80366,20061,55625,19394,60972,39455,116597,150841,31561,119280,5211,150841,30588,4169,111569,4515,5211
0500000US28123,"Scott County, Mississippi",28062,14003,14059,4796,9207,3807,10252,8603,19459,27702,12534,15168,360,27702,10062,3205,13540,895,360
0500000US28125,"Sharkey County, Mississippi",4160,1929,2231,577,1352,585,1646,1162,2998,4071,2106,1965,89,4071,2971,19,1070,11,89
0500000US28127,"Simpson County, Mississippi",26064,12671,13393,3571,9100,3190,10203,6761,19303,25493,10380,15113,571,25493,9319,104,15628,442,571
0500000US28129,"Smith County, Mississippi",14483,7014,7469,1759,5255,1986,5483,3745,10738,14381,5181,9200,102,14381,3442,124,10584,231,102
0500000US28131,"Stone County, Mississippi",18356,9391,8965,2715,6676,2252,6713,4967,13389,17585,7109,10476,771,17585,2620,369,13638,958,771
0500000US28133,"Sunflower County, Mississippi",26295,14126,12169,3298,10828,3255,8914,6553,19742,22377,12224,10153,3918,22377,17220,77,4967,113,3918
0500000US28135,"Tallahatchie County, Mississippi",12917,7485,5432,1683,5802,1196,4236,2879,10038,12092,6405,5687,825,12092,7736,30,4259,67,825
0500000US28137,"Tate County, Mississippi",28123,13587,14536,4243,9344,4022,10514,8265,19858,26163,9734,16429,1960,26163,7451,717,17318,677,1960
0500000US28139,"Tippah County, Mississippi",21877,10702,11175,3130,7572,2907,8268,6037,15840,21529,9627,11902,348,21529,3251,1017,16641,620,348
0500000US28141,"Tishomingo County, Mississippi",18945,9229,9716,2355,6874,2172,7544,4527,14418,18705,7803,10902,240,18705,334,634,17150,587,240
0500000US28143,"Tunica County, Mississippi",9949,4829,5120,1645,3184,1461,3659,3106,6843,9745,5375,4370,204,9745,7782,178,1796,-11,204
0500000US28145,"Union County, Mississippi",27775,13689,14086,3807,9882,3772,10314,7579,20196,27439,9140,18299,336,27439,4268,1215,21280,676,336
0500000US28147,"Walthall County, Mississippi",13981,6939,7042,2268,4671,1711,5331,3979,10002,13856,6069,7787,125,13856,6089,304,7284,179,125
0500000US28149,"Warren County, Mississippi",45141,21797,23344,6126,15671,5782,17562,11908,33233,44461,15522,28939,680,44461,21922,788,20813,938,680
0500000US28151,"Washington County, Mississippi",45616,21277,24339,6488,14789,6552,17787,13040,32576,44942,23168,21774,674,44942,32394,770,11054,724,674
0500000US28153,"Wayne County, Mississippi",19824,9504,10320,2823,6681,2712,7608,5535,14289,19712,8906,10806,112,19712,7592,717,11270,133,112
0500000US28155,"Webster County, Mississippi",9938,4814,5124,1368,3446,1412,3712,2780,7158,9828,2780,7048,110,9828,1878,143,7706,101,110
0500000US28157,"Wilkinson County, Mississippi",8706,4699,4007,956,3743,953,3054,1909,6797,7536,3863,3673,1170,7536,5138,80,2139,179,1170
0500000US28159,"Winston County, Mississippi",17846,8610,9236,2101,6509,2361,6875,4462,13384,17344,7708,9636,502,17344,8304,213,8589,238,502
0500000US28161,"Yalobusha County, Mississippi",12586,5971,6615,1388,4583,1617,4998,3005,9581,12340,4985,7355,246,12340,4657,258,7143,282,246
0500000US28163,"Yazoo County, Mississippi",27924,16488,11436,3245,13243,3079,8357,6324,21600,22596,11411,11185,5328,22596,13809,337,7964,486,5328
0500000US29001,"Adair County, Missouri",25339,12228,13111,3337,8891,3410,9701,6747,18592,22941,9161,13780,2398,22941,826,601,20500,1014,2398
0500000US29003,"Andrew County, Missouri",18023,9091,8932,2402,6689,2154,6778,4556,13467,17749,3783,13966,274,17749,181,472,16628,468,274
0500000US29005,"Atchison County, Missouri",5312,2670,2642,629,2041,568,2074,1197,4115,5214,1730,3484,98,5214,13,84,4946,171,98
0500000US29007,"Audrain County, Missouri",25223,11854,13369,3583,8271,2828,10541,6411,18812,23732,9235,14497,1491,23732,1142,808,20785,997,1491
0500000US29009,"Barry County, Missouri",34648,17381,17267,4490,12891,4107,13160,8597,26051,33937,12374,21563,711,33937,93,3370,27726,2748,711
0500000US29011,"Barton County, Missouri",11712,5786,5926,1576,4210,1468,4458,3044,8668,11545,4955,6590,167,11545,3,347,10566,629,167
0500000US29013,"Bates County, Missouri",16100,8025,8075,2159,5866,2070,6005,4229,11871,15701,5491,10210,399,15701,266,407,14603,425,399
0500000US29015,"Benton County, Missouri",19351,9742,9609,1895,7847,1773,7836,3668,15683,19121,6631,12490,230,19121,96,413,17878,734,230
0500000US29017,"Bollinger County, Missouri",10758,5465,5293,1372,4093,1205,4088,2577,8181,10650,3749,6901,108,10650,40,171,10066,373,108
0500000US29019,"Boone County, Missouri",182170,88878,93292,23496,65382,23027,70265,46523,135647,173050,52629,120421,9120,173050,16137,6180,134284,16449,9120
0500000US29021,"Buchanan County, Missouri",85545,43366,42179,10979,32387,10550,31629,21529,64016,81746,27436,54310,3799,81746,3849,5616,67315,4966,3799
0500000US29023,"Butler County, Missouri",42314,20775,21539,5879,14896,5018,16521,10897,31417,41475,18648,22827,839,41475,2266,915,36578,1716,839
0500000US29025,"Caldwell County, Missouri",8856,4521,4335,1287,3234,1073,3262,2360,6496,8584,3256,5328,272,8584,15,225,8066,278,272
0500000US29027,"Callaway County, Missouri",44449,22605,21844,5394,17211,5573,16271,10967,33482,40614,9609,31005,3835,40614,1269,888,36603,1854,3835
0500000US29029,"Camden County, Missouri",43053,21427,21626,4388,17039,4085,17541,8473,34580,42311,11685,30626,742,42311,240,1246,39625,1200,742
0500000US29031,"Cape Girardeau County, Missouri",81086,39372,41714,10443,28929,10324,31390,20767,60319,77741,22162,55579,3345,77741,5437,1919,66582,3803,3345
0500000US29033,"Carroll County, Missouri",8564,4268,4296,1117,3151,988,3308,2105,6459,8464,2693,5771,100,8464,136,149,7979,200,100
0500000US29035,"Carter County, Missouri",5365,2679,2686,682,1997,742,1944,1424,3941,5242,1891,3351,123,5242,1,183,4881,177,123
0500000US29037,"Cass County, Missouri",106966,52365,54601,14390,37975,13819,40782,28209,78757,105671,20105,85566,1295,105671,4467,5054,91528,4622,1295
0500000US29039,"Cedar County, Missouri",14184,7306,6878,2026,5280,1696,5182,3722,10462,13998,6468,7530,186,13998,23,332,13110,533,186
0500000US29041,"Chariton County, Missouri",7432,3699,3733,994,2705,871,2862,1865,5567,7192,2011,5181,240,7192,166,68,6777,181,240
0500000US29043,"Christian County, Missouri",87824,42875,44949,12248,30627,11980,32969,24228,63596,86845,21057,65788,979,86845,895,2857,80137,2956,979
0500000US29045,"Clark County, Missouri",6649,3427,3222,942,2485,821,2401,1763,4886,6571,2675,3896,78,6571,4,56,6303,208,78
0500000US29047,"Clay County, Missouri",250134,123478,126656,34010,89468,31968,94688,65978,184156,247434,47762,199672,2700,247434,15353,17790,197007,17284,2700
0500000US29049,"Clinton County, Missouri",21095,10469,10626,2750,7719,2691,7935,5441,15654,20587,4834,15753,508,20587,235,509,19080,763,508
0500000US29051,"Cole County, Missouri",77412,39278,38134,9667,29611,9607,28527,19274,58138,72724,14403,58321,4688,72724,7183,2128,60183,3230,4688
0500000US29053,"Cooper County, Missouri",17397,9010,8387,2232,6778,2079,6308,4311,13086,15842,4718,11124,1555,15842,568,352,14125,797,1555
0500000US29055,"Crawford County, Missouri",23204,11445,11759,2842,8603,2816,8943,5658,17546,22788,8512,14276,416,22788,84,493,21389,822,416
0500000US29057,"Dade County, Missouri",7584,3870,3714,950,2920,788,2926,1738,5846,7444,3049,4395,140,7444,13,172,6956,303,140
0500000US29059,"Dallas County, Missouri",16946,8214,8732,2277,5937,2254,6478,4531,12415,16712,7101,9611,234,16712,10,379,15721,602,234
0500000US29061,"Daviess County, Missouri",8427,4246,4181,1207,3039,1175,3006,2382,6045,8208,2693,5515,219,8208,26,134,7871,177,219
0500000US29063,"DeKalb County, Missouri",11639,7017,4622,1279,5738,1095,3527,2374,9265,8751,2366,6385,2888,8751,30,167,8404,150,2888
0500000US29065,"Dent County, Missouri",14585,7254,7331,1879,5375,1749,5582,3628,10957,14399,5968,8431,186,14399,79,260,13362,698,186
0500000US29067,"Douglas County, Missouri",11808,6049,5759,1503,4546,1300,4459,2803,9005,11688,5241,6447,120,11688,22,189,10986,491,120
0500000US29069,"Dunklin County, Missouri",28592,13527,15065,4112,9415,4027,11038,8139,20453,27817,12653,15164,775,27817,2860,1987,21610,1360,775
0500000US29071,"Franklin County, Missouri",104331,52302,52029,13610,38692,12598,39431,26208,78123,102968,23291,79677,1363,102968,837,1829,96146,4156,1363
0500000US29073,"Gasconade County, Missouri",14803,7486,7317,1855,5631,1514,5803,3369,11434,14557,3894,10663,246,14557,92,113,13851,501,246
0500000US29075,"Gentry County, Missouri",6231,3059,3172,826,2233,861,2311,1687,4544,6085,2135,3950,146,6085,18,107,5804,156,146
0500000US29077,"Greene County, Missouri",296875,145118,151757,36644,108474,35280,116477,71924,224951,285373,94161,191212,11502,285373,7846,11368,247090,19069,11502
0500000US29079,"Grundy County, Missouri",9901,4881,5020,1414,3467,1369,3651,2783,7118,9596,3216,6380,305,9596,21,245,9007,323,305
0500000US29081,"Harrison County, Missouri",8229,4134,4095,1138,2996,1123,2972,2261,5968,8090,3336,4754,139,8090,53,210,7637,190,139
0500000US29083,"Henry County, Missouri",21884,10858,11026,2673,8185,2567,8459,5240,16644,21530,7100,14430,354,21530,187,599,20049,695,354
0500000US29085,"Hickory County, Missouri",8429,4186,4243,882,3304,782,3461,1664,6765,8339,3523,4816,90,8339,0,165,7855,319,90
0500000US29087,"Holt County, Missouri",4295,2118,2177,497,1621,484,1693,981,3314,4183,1281,2902,112,4183,31,65,4007,80,112
0500000US29089,"Howard County, Missouri",10147,5098,5049,1431,3667,1216,3833,2647,7500,9414,2527,6887,733,9414,504,179,8261,470,733
0500000US29091,"Howell County, Missouri",39753,19310,20443,5324,13986,5095,15348,10419,29334,39087,17479,21608,666,39087,133,878,36496,1580,666
0500000US29093,"Iron County, Missouri",9606,4814,4792,1201,3613,1045,3747,2246,7360,9264,3918,5346,342,9264,18,175,8655,416,342
0500000US29095,"Jackson County, Missouri",713229,346423,366806,93729,252694,90805,276001,184534,528695,702276,196873,505403,10953,702276,160328,66310,432354,43284,10953
0500000US29097,"Jasper County, Missouri",122059,59781,62278,17115,42666,16429,45849,33544,88515,119807,42628,77179,2252,119807,2029,10200,99492,8086,2252
0500000US29099,"Jefferson County, Missouri",225913,112850,113063,29440,83410,27640,85423,57080,168833,223018,45477,177541,2895,223018,1887,4716,202744,13671,2895
0500000US29101,"Johnson County, Missouri",53889,27762,26127,7719,20043,7101,19026,14820,39069,49367,14108,35259,4522,49367,1185,2437,42117,3628,4522
0500000US29103,"Knox County, Missouri",3782,1893,1889,573,1320,505,1384,1078,2704,3729,1373,2356,53,3729,19,34,3569,107,53
0500000US29105,"Laclede County, Missouri",35898,17763,18135,5013,12750,4782,13353,9795,26103,35429,13723,21706,469,35429,156,938,32447,1888,469
0500000US29107,"Lafayette County, Missouri",32752,16480,16272,4499,11981,3830,12442,8329,24423,32209,8770,23439,543,32209,721,1030,29465,993,543
0500000US29109,"Lawrence County, Missouri",38123,19101,19022,5630,13471,5141,13881,10771,27352,37490,15774,21716,633,37490,11,3010,33071,1398,633
0500000US29111,"Lewis County, Missouri",10031,5087,4944,1547,3540,1282,3662,2829,7202,9261,3246,6015,770,9261,284,54,8672,251,770
0500000US29113,"Lincoln County, Missouri",58689,29497,29192,8445,21052,7863,21329,16308,42381,57603,13676,43927,1086,57603,1243,1527,53455,1378,1086
0500000US29115,"Linn County, Missouri",11962,5860,6102,1598,4262,1499,4603,3097,8865,11816,3823,7993,146,11816,86,323,11149,258,146
0500000US29117,"Livingston County, Missouri",15001,6637,8364,1857,4780,1743,6621,3600,11401,13809,3931,9878,1192,13809,249,272,12876,412,1192
0500000US29119,"McDonald County, Missouri",23267,11888,11379,3371,8517,3116,8263,6487,16780,23038,10547,12491,229,23038,417,2681,16260,3680,229
0500000US29121,"Macon County, Missouri",15222,7548,7674,2043,5505,1905,5769,3948,11274,14953,4561,10392,269,14953,307,245,13887,514,269
0500000US29123,"Madison County, Missouri",12597,6214,6383,1646,4568,1557,4826,3203,9394,12354,3897,8457,243,12354,65,292,11707,290,243
0500000US29125,"Maries County, Missouri",8457,4250,4207,982,3268,919,3288,1901,6556,8395,2488,5907,62,8395,28,126,7943,298,62
0500000US29127,"Marion County, Missouri",28564,13920,14644,3705,10215,3839,10805,7544,21020,27301,10051,17250,1263,27301,1160,483,24562,1096,1263
0500000US29129,"Mercer County, Missouri",3561,1786,1775,494,1292,494,1281,988,2573,3502,1228,2274,59,3502,6,96,3299,101,59
0500000US29131,"Miller County, Missouri",24643,12249,12394,3194,9055,3178,9216,6372,18271,24220,8077,16143,423,24220,165,493,22860,702,423
0500000US29133,"Mississippi County, Missouri",12976,7128,5848,1708,5420,1392,4456,3100,9876,11441,5419,6022,1535,11441,2356,294,8411,380,1535
0500000US29135,"Moniteau County, Missouri",15723,8213,7510,2193,6020,2157,5353,4350,11373,14412,4060,10352,1311,14412,115,780,13086,431,1311
0500000US29137,"Monroe County, Missouri",8643,4367,4276,1106,3261,1006,3270,2112,6531,8521,2570,5951,122,8521,247,146,7882,246,122
0500000US29139,"Montgomery County, Missouri",11384,5709,5675,1496,4213,1285,4390,2781,8603,11058,3562,7496,326,11058,163,245,10251,399,326
0500000US29141,"Morgan County, Missouri",20883,10374,10509,2688,7686,2572,7937,5260,15623,20433,7991,12442,450,20433,170,488,19104,671,450
0500000US29143,"New Madrid County, Missouri",16658,7939,8719,2103,5836,2149,6570,4252,12406,16231,6682,9549,427,16231,2094,334,12730,1073,427
0500000US29145,"Newton County, Missouri",58634,29267,29367,8028,21239,7339,22028,15367,43267,57621,19461,38160,1013,57621,624,3332,47866,5799,1013
0500000US29147,"Nodaway County, Missouri",21571,10775,10796,2620,8155,2735,8061,5355,16216,18698,7510,11188,2873,18698,293,319,17583,503,2873
0500000US29149,"Oregon County, Missouri",8891,4412,4479,1164,3248,1046,3433,2210,6681,8705,4495,4210,186,8705,1,165,8121,418,186
0500000US29151,"Osage County, Missouri",13372,6924,6448,1822,5102,1615,4833,3437,9935,13126,2423,10703,246,13126,5,117,12796,208,246
0500000US29153,"Ozark County, Missouri",8664,4320,4344,918,3402,949,3395,1867,6797,8531,3888,4643,133,8531,8,158,8086,279,133
0500000US29155,"Pemiscot County, Missouri",15949,7500,8449,2224,5276,2354,6095,4578,11371,15725,8134,7591,224,15725,4179,451,10685,410,224
0500000US29157,"Perry County, Missouri",19007,9379,9628,2438,6941,2465,7163,4903,14104,18673,5399,13274,334,18673,77,441,17587,568,334
0500000US29159,"Pettis County, Missouri",42919,21353,21566,6148,15205,5896,15670,12044,30875,42183,15108,27075,736,42183,1042,3822,35420,1899,736
0500000US29161,"Phelps County, Missouri",44692,23336,21356,6551,16785,5475,15881,12026,32666,41516,15360,26156,3176,41516,711,1110,36158,3537,3176
0500000US29163,"Pike County, Missouri",18052,9807,8245,2348,7459,2118,6127,4466,13586,16027,5455,10572,2025,16027,535,299,14837,356,2025
0500000US29165,"Platte County, Missouri",105189,52192,52997,13861,38331,13321,39676,27182,78007,104044,16664,87380,1145,104044,6744,6692,82936,7672,1145
0500000US29167,"Polk County, Missouri",31541,15602,15939,4366,11236,4186,11753,8552,22989,29957,11158,18799,1584,29957,226,790,27909,1032,1584
0500000US29169,"Pulaski County, Missouri",53460,30425,23035,9898,20527,7084,15951,16982,36478,43906,14286,29620,9554,43906,3761,4028,32790,3327,9554
0500000US29171,"Putnam County, Missouri",4715,2415,2300,641,1774,560,1740,1201,3514,4615,1136,3479,100,4615,0,113,4407,95,100
0500000US29173,"Ralls County, Missouri",10318,5262,5056,1364,3898,1162,3894,2526,7792,10253,2590,7663,65,10253,185,101,9647,320,65
0500000US29175,"Randolph County, Missouri",24880,13137,11743,3116,10021,2916,8827,6032,18848,22928,7680,15248,1952,22928,967,469,20552,940,1952
0500000US29177,"Ray County, Missouri",23080,11546,11534,2896,8650,2821,8713,5717,17363,22819,5562,17257,261,22819,234,606,21261,718,261
0500000US29179,"Reynolds County, Missouri",6138,3240,2898,716,2524,526,2372,1242,4896,5980,2178,3802,158,5980,57,44,5567,312,158
0500000US29181,"Ripley County, Missouri",11032,5413,5619,1440,3973,1394,4225,2834,8198,10866,5333,5533,166,10866,30,164,10247,425,166
0500000US29183,"St. Charles County, Missouri",402377,198886,203491,52722,146164,50613,152878,103335,299042,394681,45670,349011,7696,394681,17926,13473,339748,23534,7696
0500000US29185,"St. Clair County, Missouri",9235,4641,4594,1032,3609,972,3622,2004,7231,8882,3429,5453,353,8882,14,193,8312,363,353
0500000US29186,"Ste. Genevieve County, Missouri",18406,9426,8980,2249,7177,2219,6761,4468,13938,18087,4346,13741,319,18087,71,206,17322,488,319
0500000US29187,"St. Francois County, Missouri",67168,36103,31065,8004,28099,7604,23461,15608,51560,61105,21531,39574,6063,61105,746,1006,56992,2361,6063
0500000US29189,"St. Louis County, Missouri",1001982,478618,523364,126094,352524,120692,402672,246786,755196,981082,197855,783227,20900,981082,236503,29424,627686,87469,20900
0500000US29195,"Saline County, Missouri",23278,11594,11684,3158,8436,3200,8484,6358,16920,21839,7478,14361,1439,21839,939,2429,17402,1069,1439
0500000US29197,"Schuyler County, Missouri",4094,1973,2121,557,1416,667,1454,1224,2870,4069,1256,2813,25,4069,1,106,3937,25,25
0500000US29199,"Scotland County, Missouri",4760,2354,2406,735,1619,798,1608,1533,3227,4661,1518,3143,99,4661,0,0,4570,91,99
0500000US29201,"Scott County, Missouri",38161,18674,19487,5173,13501,4742,14745,9915,28246,37483,13411,24072,678,37483,3943,967,30884,1689,678
0500000US29203,"Shannon County, Missouri",7185,3633,3552,969,2664,768,2784,1737,5448,6887,3159,3728,298,6887,14,68,6441,364,298
0500000US29205,"Shelby County, Missouri",6087,3087,3000,874,2213,731,2269,1605,4482,5854,2395,3459,233,5854,86,121,5610,37,233
0500000US29207,"Stoddard County, Missouri",28812,14049,14763,3700,10349,3353,11410,7053,21759,28386,11173,17213,426,28386,389,517,26756,724,426
0500000US29209,"Stone County, Missouri",31018,15287,15731,2852,12435,2795,12936,5647,25371,30664,9751,20913,354,30664,5,705,28973,981,354
0500000US29211,"Sullivan County, Missouri",6045,3006,3039,826,2180,802,2237,1628,4417,5840,2207,3633,205,5840,85,1105,4486,164,205
0500000US29213,"Taney County, Missouri",55854,26824,29030,6722,20102,6655,22375,13377,42477,54020,18413,35607,1834,54020,944,3389,47614,2073,1834
0500000US29215,"Texas County, Missouri",24866,13135,11731,2857,10278,2881,8850,5738,19128,23447,11012,12435,1419,23447,6,405,21790,1246,1419
0500000US29217,"Vernon County, Missouri",19831,9700,10131,2793,6907,2676,7455,5469,14362,19089,7432,11657,742,19089,19,401,17942,727,742
0500000US29219,"Warren County, Missouri",35033,17390,17643,4505,12885,4451,13192,8956,26077,34537,8264,26273,496,34537,605,1247,31296,1389,496
0500000US29221,"Washington County, Missouri",23791,12300,11491,3090,9210,2954,8537,6044,17747,22713,9466,13247,1078,22713,40,318,21642,713,1078
0500000US29223,"Wayne County, Missouri",11298,5633,5665,1328,4305,1274,4391,2602,8696,11096,4596,6500,202,11096,35,199,10360,502,202
0500000US29225,"Webster County, Missouri",38978,20031,18947,6245,13786,5425,13522,11670,27308,37869,12355,25514,1109,37869,116,816,35327,1610,1109
0500000US29227,"Worth County, Missouri",2004,1005,999,227,778,236,763,463,1541,1962,613,1349,42,1962,0,46,1899,17,42
0500000US29229,"Wright County, Missouri",18244,8985,9259,2625,6360,2613,6646,5238,13006,17875,8345,9530,369,17875,10,408,16725,732,369
0500000US29510,"St. Louis city, Missouri",302787,147357,155430,32884,114473,31583,123847,64467,238320,294961,108144,186817,7826,294961,132438,12291,130670,19562,7826
0500000US30001,"Beaverhead County, Montana",9391,4665,4726,979,3686,1033,3693,2012,7379,8895,3047,5848,496,8895,85,466,8011,333,496
0500000US30003,"Big Horn County, Montana",13198,6497,6701,2591,3906,2389,4312,4980,8218,12952,6426,6526,246,12952,0,795,3380,8777,246
0500000US30005,"Blaine County, Montana",7051,3521,3530,1265,2256,1078,2452,2343,4708,6953,2952,4001,98,6953,56,260,2987,3650,98
0500000US30007,"Broadwater County, Montana",6641,3486,3155,700,2786,743,2412,1443,5198,6589,1927,4662,52,6589,0,207,6175,207,52
0500000US30009,"Carbon County, Montana",10488,5385,5103,1095,4290,961,4142,2056,8432,10367,2276,8091,121,10367,77,281,9670,339,121
0500000US30011,"Carter County, Montana",1349,711,638,157,554,104,534,261,1088,1328,509,819,21,1328,0,4,1276,48,21
0500000US30013,"Cascade County, Montana",84178,42792,41386,11008,31784,9822,31564,20830,63348,82131,23797,58334,2047,82131,1030,3904,69259,7938,2047
0500000US30015,"Chouteau County, Montana",5896,2985,2911,751,2234,694,2217,1445,4451,5857,2227,3630,39,5857,8,61,4475,1313,39
0500000US30017,"Custer County, Montana",11968,5995,5973,1424,4571,1274,4699,2698,9270,11597,3138,8459,371,11597,91,423,10560,523,371
0500000US30019,"Daniels County, Montana",1739,891,848,230,661,172,676,402,1337,1717,475,1242,22,1717,0,30,1585,102,22
0500000US30021,"Dawson County, Montana",9003,4785,4218,1183,3602,967,3251,2150,6853,8595,1990,6605,408,8595,86,256,7976,277,408
0500000US30023,"Deer Lodge County, Montana",9380,4968,4412,972,3996,549,3863,1521,7859,8892,3339,5553,488,8892,85,303,7969,535,488
0500000US30025,"Fallon County, Montana",3074,1494,1580,328,1166,460,1120,788,2286,2995,847,2148,79,2995,0,30,2785,180,79
0500000US30027,"Fergus County, Montana",11464,6018,5446,1363,4655,1076,4370,2439,9025,11208,3274,7934,256,11208,68,90,10461,589,256
0500000US30029,"Flathead County, Montana",103400,51796,51604,12818,38978,11858,39746,24676,78724,102465,25538,76927,935,102465,412,3198,93908,4947,935
0500000US30031,"Gallatin County, Montana",116725,60723,56002,13858,46865,13550,42452,27408,89317,112433,27013,85420,4292,112433,431,4626,101650,5726,4292
0500000US30033,"Garfield County, Montana",972,494,478,134,360,101,377,235,737,972,285,687,0,972,4,0,962,6,0
0500000US30035,"Glacier County, Montana",13827,6885,6942,2273,4612,2241,4701,4514,9313,13525,7087,6438,302,13525,35,454,3926,9110,302
0500000US30037,"Golden Valley County, Montana",820,409,411,78,331,85,326,163,657,820,242,578,0,820,9,73,668,70,0
0500000US30039,"Granite County, Montana",3333,1696,1637,340,1356,376,1261,716,2617,3268,1003,2265,65,3268,5,137,3071,55,65
0500000US30041,"Hill County, Montana",16297,8223,8074,2482,5741,2539,5535,5021,11276,15900,5878,10022,397,15900,67,633,10782,4418,397
0500000US30043,"Jefferson County, Montana",12057,6155,5902,1412,4743,1256,4646,2668,9389,11869,2200,9669,188,11869,54,303,10928,584,188
0500000US30045,"Judith Basin County, Montana",2004,1139,865,331,808,199,666,530,1474,2004,610,1394,0,2004,0,115,1838,51,0
0500000US30047,"Lake County, Montana",31030,15428,15602,4112,11316,3817,11785,7929,23101,30674,10693,19981,356,30674,112,1368,19843,9351,356
0500000US30049,"Lewis and Clark County, Montana",70340,35049,35291,8670,26379,8184,27107,16854,53486,68871,15382,53489,1469,68871,320,2426,62148,3977,1469
0500000US30051,"Liberty County, Montana",2026,884,1142,288,596,285,857,573,1453,2008,807,1201,18,2008,0,16,1972,20,18
0500000US30053,"Lincoln County, Montana",19674,9850,9824,1882,7968,2034,7790,3916,15758,19468,7643,11825,206,19468,20,654,17810,984,206
0500000US30055,"McCone County, Montana",1805,961,844,206,755,170,674,376,1429,1778,394,1384,27,1778,0,76,1592,110,27
0500000US30057,"Madison County, Montana",8499,4417,4082,764,3653,735,3347,1499,7000,8431,1991,6440,68,8431,0,370,7761,300,68
0500000US30059,"Meagher County, Montana",1932,1071,861,250,821,151,710,401,1531,1860,410,1450,72,1860,0,69,1754,37,72
0500000US30061,"Mineral County, Montana",4490,2348,2142,506,1842,424,1718,930,3560,4393,1516,2877,97,4393,25,41,4050,277,97
0500000US30063,"Missoula County, Montana",117379,58948,58431,13279,45669,12690,45741,25969,91410,114770,30387,84383,2609,114770,590,4009,100966,9205,2609
0500000US30065,"Musselshell County, Montana",4813,2447,2366,565,1882,473,1893,1038,3775,4787,1368,3419,26,4787,0,157,4389,241,26
0500000US30067,"Park County, Montana",17072,8602,8470,1657,6945,1446,7024,3103,13969,16954,4452,12502,118,16954,64,540,15741,609,118
0500000US30069,"Petroleum County, Montana",434,225,209,62,163,21,188,83,351,426,120,306,8,426,0,0,400,26,8
0500000US30071,"Phillips County, Montana",4233,2156,2077,669,1487,425,1652,1094,3139,4184,1236,2948,49,4184,0,135,3473,576,49
0500000US30073,"Pondera County, Montana",5974,3000,2974,840,2160,799,2175,1639,4335,5839,1946,3893,135,5839,16,108,4731,984,135
0500000US30075,"Powder River County, Montana",1759,847,912,174,673,197,715,371,1388,1731,472,1259,28,1731,0,60,1576,95,28
0500000US30077,"Powell County, Montana",6955,4372,2583,631,3741,633,1950,1264,5691,5347,1588,3759,1608,5347,78,49,5014,206,1608
0500000US30079,"Prairie County, Montana",1227,642,585,142,500,156,429,298,929,1197,569,628,30,1197,0,13,1156,28,30
0500000US30081,"Ravalli County, Montana",43790,21949,21841,4858,17091,4305,17536,9163,34627,43386,11273,32113,404,43386,151,1596,39370,2269,404
0500000US30083,"Richland County, Montana",11375,5690,5685,1607,4083,1648,4037,3255,8120,11333,2709,8624,42,11333,12,626,10018,677,42
0500000US30085,"Roosevelt County, Montana",10884,5443,5441,2082,3361,1917,3524,3999,6885,10445,5317,5128,439,10445,24,382,3407,6632,439
0500000US30087,"Rosebud County, Montana",8464,4317,4147,1396,2921,1275,2872,2671,5793,8365,3283,5082,99,8365,21,408,4305,3631,99
0500000US30089,"Sanders County, Montana",12298,6384,5914,1341,5043,1078,4836,2419,9879,12109,5074,7035,189,12109,37,383,10868,821,189
0500000US30091,"Sheridan County, Montana",3522,1826,1696,428,1398,397,1299,825,2697,3461,760,2701,61,3461,0,154,3109,198,61
0500000US30093,"Silver Bow County, Montana",35017,18018,16999,4359,13659,3694,13305,8053,26964,33955,10807,23148,1062,33955,51,1612,30529,1763,1062
0500000US30095,"Stillwater County, Montana",8916,4523,4393,1047,3476,1022,3371,2069,6847,8876,1728,7148,40,8876,9,356,8179,332,40
0500000US30097,"Sweet Grass County, Montana",3690,1911,1779,360,1551,443,1336,803,2887,3661,645,3016,29,3661,83,73,3406,99,29
0500000US30099,"Teton County, Montana",6173,3043,3130,825,2218,859,2271,1684,4489,6090,1865,4225,83,6090,32,45,5681,332,83
0500000US30101,"Toole County, Montana",5013,2837,2176,530,2307,563,1613,1093,3920,4446,1550,2896,567,4446,108,74,3978,286,567
0500000US30103,"Treasure County, Montana",693,365,328,67,298,61,267,128,565,693,243,450,0,693,0,19,673,1,0
0500000US30105,"Valley County, Montana",7553,3923,3630,1129,2794,886,2744,2015,5538,7406,2331,5075,147,7406,20,206,6308,872,147
0500000US30107,"Wheatland County, Montana",2082,941,1141,263,678,215,926,478,1604,2058,851,1207,24,2058,11,40,1946,61,24
0500000US30109,"Wibaux County, Montana",1018,489,529,140,349,152,377,292,726,998,247,751,20,998,0,70,895,33,20
0500000US30111,"Yellowstone County, Montana",163593,81052,82541,21776,59276,20352,62189,42128,121465,159972,40066,119906,3621,159972,1331,9568,136933,12140,3621
0500000US31001,"Adams County, Nebraska",31284,15541,15743,4368,11173,4345,11398,8713,22571,29690,7720,21970,1594,29690,152,3315,25151,1072,1594
0500000US31003,"Antelope County, Nebraska",6310,3184,3126,867,2317,810,2316,1677,4633,6217,1732,4485,93,6217,73,220,5881,43,93
0500000US31005,"Arthur County, Nebraska",472,229,243,73,156,71,172,144,328,472,140,332,0,472,0,8,436,28,0
0500000US31007,"Banner County, Nebraska",605,313,292,72,241,64,228,136,469,601,100,501,4,601,0,30,553,18,4
0500000US31009,"Blaine County, Nebraska",346,185,161,26,159,22,139,48,298,346,104,242,0,346,0,0,346,0,0
0500000US31011,"Boone County, Nebraska",5413,2753,2660,742,2011,650,2010,1392,4021,5321,1100,4221,92,5321,5,135,5106,75,92
0500000US31013,"Box Butte County, Nebraska",10821,5455,5366,1588,3867,1389,3977,2977,7844,10647,2854,7793,174,10647,340,1406,8558,343,174
0500000US31015,"Boyd County, Nebraska",1812,910,902,178,732,177,725,355,1457,1778,516,1262,34,1778,5,46,1652,75,34
0500000US31017,"Brown County, Nebraska",2752,1332,1420,307,1025,294,1126,601,2151,2721,920,1801,31,2721,0,84,2533,104,31
0500000US31019,"Buffalo County, Nebraska",49840,24984,24856,7244,17740,6654,18202,13898,35942,47547,12567,34980,2293,47547,361,4463,40974,1749,2293
0500000US31021,"Burt County, Nebraska",6705,3332,3373,867,2465,791,2582,1658,5047,6627,1616,5011,78,6627,5,229,6113,280,78
0500000US31023,"Butler County, Nebraska",8354,4183,4171,1072,3111,1070,3101,2142,6212,8183,1635,6548,171,8183,0,336,7621,226,171
0500000US31025,"Cass County, Nebraska",26546,13458,13088,3704,9754,3219,9869,6923,19623,25979,5344,20635,567,25979,48,934,24021,976,567
0500000US31027,"Cedar County, Nebraska",8401,4263,4138,1248,3015,1101,3037,2349,6052,8211,1442,6769,190,8211,4,175,7885,147,190
0500000US31029,"Chase County, Nebraska",3694,1754,1940,374,1380,557,1383,931,2763,3635,1079,2556,59,3635,12,586,2910,127,59
0500000US31031,"Cherry County, Nebraska",5505,2817,2688,788,2029,710,1978,1498,4007,5445,1717,3728,60,5445,9,163,4685,588,60
0500000US31033,"Cheyenne County, Nebraska",9575,4753,4822,1186,3567,1235,3587,2421,7154,9429,2661,6768,146,9429,76,738,8304,311,146
0500000US31035,"Clay County, Nebraska",6104,3106,2998,831,2275,808,2190,1639,4465,5996,1430,4566,108,5996,25,549,5301,121,108
0500000US31037,"Colfax County, Nebraska",10608,5940,4668,1962,3978,1482,3186,3444,7164,10374,2725,7649,234,10374,287,4690,4992,405,234
0500000US31039,"Cuming County, Nebraska",9035,4554,4481,1186,3368,1234,3247,2420,6615,8917,1858,7059,118,8917,41,938,7797,141,118
0500000US31041,"Custer County, Nebraska",10625,5349,5276,1430,3919,1345,3931,2775,7850,10486,2986,7500,139,10486,53,366,9821,246,139
0500000US31043,"Dakota County, Nebraska",21284,10669,10615,3447,7222,3341,7274,6788,14496,20988,6223,14765,296,20988,1607,8374,9655,1352,296
0500000US31045,"Dawes County, Nebraska",8383,4055,4328,1196,2859,1196,3132,2392,5991,7422,2234,5188,961,7422,327,478,6221,396,961
0500000US31047,"Dawson County, Nebraska",24031,12383,11648,3661,8722,3463,8185,7124,16907,23762,6935,16827,269,23762,1587,8135,13461,579,269
0500000US31049,"Deuel County, Nebraska",1878,892,986,169,723,214,772,383,1495,1868,504,1364,10,1868,2,260,1543,63,10
0500000US31051,"Dixon County, Nebraska",5632,2870,2762,809,2061,715,2047,1524,4108,5554,1553,4001,78,5554,4,830,4597,123,78
0500000US31053,"Dodge County, Nebraska",37249,18537,18712,5120,13417,4978,13734,10098,27151,36206,9626,26580,1043,36206,247,5244,29594,1121,1043
0500000US31055,"Douglas County, Nebraska",578771,286862,291909,83505,203357,80343,211566,163848,414923,566234,136652,429582,12537,566234,60525,73676,387321,44712,12537
0500000US31057,"Dundy County, Nebraska",1900,1005,895,303,702,182,713,485,1415,1872,630,1242,28,1872,1,131,1724,16,28
0500000US31059,"Fillmore County, Nebraska",5561,2731,2830,573,2158,629,2201,1202,4359,5354,1063,4291,207,5354,6,201,5007,140,207
0500000US31061,"Franklin County, Nebraska",2914,1468,1446,328,1140,302,1144,630,2284,2843,1046,1797,71,2843,3,78,2692,70,71
0500000US31063,"Frontier County, Nebraska",2512,1337,1175,376,961,270,905,646,1866,2398,510,1888,114,2398,25,55,2262,56,114
0500000US31065,"Furnas County, Nebraska",4655,2320,2335,592,1728,553,1782,1145,3510,4569,1066,3503,86,4569,17,222,4233,97,86
0500000US31067,"Gage County, Nebraska",21706,11006,10700,2881,8125,2516,8184,5397,16309,21305,6024,15281,401,21305,130,631,19964,580,401
0500000US31069,"Garden County, Nebraska",1726,856,870,219,637,167,703,386,1340,1699,548,1151,27,1699,0,27,1649,23,27
0500000US31071,"Garfield County, Nebraska",1889,947,942,238,709,199,743,437,1452,1823,439,1384,66,1823,6,17,1775,25,66
0500000US31073,"Gosper County, Nebraska",1811,945,866,202,743,172,694,374,1437,1775,381,1394,36,1775,4,89,1653,29,36
0500000US31075,"Grant County, Nebraska",718,403,315,122,281,93,222,215,503,692,241,451,26,692,3,0,679,10,26
0500000US31077,"Greeley County, Nebraska",2219,1110,1109,295,815,276,833,571,1648,2188,685,1503,31,2188,12,56,2098,22,31
0500000US31079,"Hall County, Nebraska",62616,31896,30720,9896,22000,8906,21814,18802,43814,61561,17148,44413,1055,61561,1954,18144,39938,1525,1055
0500000US31081,"Hamilton County, Nebraska",9376,4766,4610,1340,3426,1116,3494,2456,6920,9261,1290,7971,115,9261,8,349,8739,165,115
0500000US31083,"Harlan County, Nebraska",3216,1634,1582,472,1162,395,1187,867,2349,3176,633,2543,40,3176,2,81,2999,94,40
0500000US31085,"Hayes County, Nebraska",891,444,447,101,343,125,322,226,665,891,286,605,0,891,0,60,826,5,0
0500000US31087,"Hitchcock County, Nebraska",2630,1384,1246,431,953,289,957,720,1910,2593,867,1726,37,2593,0,100,2431,62,37
0500000US31089,"Holt County, Nebraska",10175,5095,5080,1332,3763,1318,3762,2650,7525,10044,3044,7000,131,10044,40,528,9315,161,131
0500000US31091,"Hooker County, Nebraska",714,337,377,52,285,119,258,171,543,676,180,496,38,676,4,29,591,52,38
0500000US31093,"Howard County, Nebraska",6461,3296,3165,901,2395,805,2360,1706,4755,6414,1374,5040,47,6414,25,176,5907,306,47
0500000US31095,"Jefferson County, Nebraska",7213,3486,3727,800,2686,878,2849,1678,5535,7069,2002,5067,144,7069,40,343,6535,151,144
0500000US31097,"Johnson County, Nebraska",5298,3239,2059,657,2582,484,1575,1141,4157,4268,841,3427,1030,4268,24,400,3706,138,1030
0500000US31099,"Kearney County, Nebraska",6639,3316,3323,961,2355,875,2448,1836,4803,6528,1584,4944,111,6528,2,476,5931,119,111
0500000US31101,"Keith County, Nebraska",8312,4204,4108,1053,3151,881,3227,1934,6378,8216,2391,5825,96,8216,111,637,7322,146,96
0500000US31103,"Keya Paha County, Nebraska",946,484,462,109,375,158,304,267,679,946,336,610,0,946,1,24,920,1,0
0500000US31105,"Kimball County, Nebraska",3583,1865,1718,485,1380,379,1339,864,2719,3520,1207,2313,63,3520,12,343,3034,131,63
0500000US31107,"Knox County, Nebraska",8434,4204,4230,1176,3028,1105,3125,2281,6153,8251,2222,6029,183,8251,32,269,7005,945,183
0500000US31109,"Lancaster County, Nebraska",320301,161446,158855,43603,117843,41832,117023,85435,234866,306850,78321,228529,13451,306850,10639,22858,246436,26917,13451
0500000US31111,"Lincoln County, Nebraska",34906,17345,17561,4661,12684,4481,13080,9142,25764,34124,9066,25058,782,34124,368,3186,29721,849,782
0500000US31113,"Logan County, Nebraska",865,468,397,175,293,106,291,281,584,865,279,586,0,865,0,30,768,67,0
0500000US31115,"Loup County, Nebraska",665,357,308,104,253,59,249,163,502,665,176,489,0,665,0,72,570,23,0
0500000US31117,"McPherson County, Nebraska",475,242,233,63,179,26,207,89,386,475,130,345,0,475,0,5,470,0,0
0500000US31119,"Madison County, Nebraska",35553,17709,17844,4993,12716,5159,12685,10152,25401,34599,9332,25267,954,34599,418,5553,27174,1454,954
0500000US31121,"Merrick County, Nebraska",7687,3898,3789,917,2981,919,2870,1836,5851,7552,1842,5710,135,7552,3,381,6917,251,135
0500000US31123,"Morrill County, Nebraska",4595,2423,2172,705,1718,556,1616,1261,3334,4468,1092,3376,127,4468,0,709,3629,130,127
0500000US31125,"Nance County, Nebraska",3389,1707,1682,485,1222,423,1259,908,2481,3291,935,2356,98,3291,13,72,3107,99,98
0500000US31127,"Nemaha County, Nebraska",7025,3547,3478,936,2611,1014,2464,1950,5075,6500,2101,4399,525,6500,69,126,5970,335,525
0500000US31129,"Nuckolls County, Nebraska",4125,2053,2072,502,1551,446,1626,948,3177,4066,1080,2986,59,4066,2,130,3818,116,59
0500000US31131,"Otoe County, Nebraska",15916,8148,7768,2292,5856,1778,5990,4070,11846,15675,3423,12252,241,15675,106,1272,13683,614,241
0500000US31133,"Pawnee County, Nebraska",2564,1243,1321,290,953,385,936,675,1889,2517,949,1568,47,2517,4,94,2381,38,47
0500000US31135,"Perkins County, Nebraska",2865,1481,1384,448,1033,373,1011,821,2044,2835,583,2252,30,2835,4,128,2644,59,30
0500000US31137,"Phelps County, Nebraska",8972,4526,4446,1259,3267,1101,3345,2360,6612,8671,2015,6656,301,8671,9,522,7961,179,301
0500000US31139,"Pierce County, Nebraska",7266,3651,3615,980,2671,1000,2615,1980,5286,7137,1760,5377,129,7137,24,152,6840,121,129
0500000US31141,"Platte County, Nebraska",34123,17359,16764,5078,12281,4725,12039,9803,24320,33721,8141,25580,402,33721,232,7021,25700,768,402
0500000US31143,"Polk County, Nebraska",5223,2566,2657,630,1936,712,1945,1342,3881,5140,968,4172,83,5140,2,309,4686,143,83
0500000US31145,"Red Willow County, Nebraska",10724,5355,5369,1619,3736,1353,4016,2972,7752,10375,2705,7670,349,10375,0,571,9484,320,349
0500000US31147,"Richardson County, Nebraska",7893,4047,3846,1047,3000,795,3051,1842,6051,7762,2421,5341,131,7762,101,156,7109,396,131
0500000US31149,"Rock County, Nebraska",1321,690,631,193,497,142,489,335,986,1260,403,857,61,1260,2,6,1242,10,61
0500000US31151,"Saline County, Nebraska",14395,7432,6963,2315,5117,2114,4849,4429,9966,13486,4010,9476,909,13486,116,3637,9097,636,909
0500000US31153,"Sarpy County, Nebraska",188464,94805,93659,28844,65961,27102,66557,55946,132518,186708,28181,158527,1756,186708,7628,18809,148379,11892,1756
0500000US31155,"Saunders County, Nebraska",22008,11223,10785,3117,8106,2822,7963,5939,16069,21726,3651,18075,282,21726,187,502,20592,445,282
0500000US31157,"Scotts Bluff County, Nebraska",36229,17601,18628,5042,12559,4904,13724,9946,26283,35325,9865,25460,904,35325,194,8798,24944,1389,904
0500000US31159,"Seward County, Nebraska",17605,9060,8545,2727,6333,2380,6165,5107,12498,16201,3290,12911,1404,16201,44,359,15457,341,1404
0500000US31161,"Sheridan County, Nebraska",5150,2538,2612,665,1873,580,2032,1245,3905,5069,1799,3270,81,5069,63,302,4096,608,81
0500000US31163,"Sherman County, Nebraska",2986,1512,1474,369,1143,320,1154,689,2297,2931,720,2211,55,2931,6,64,2793,68,55
0500000US31165,"Sioux County, Nebraska",1081,553,528,138,415,107,421,245,836,1081,459,622,0,1081,39,50,961,31,0
0500000US31167,"Stanton County, Nebraska",5877,3015,2862,814,2201,820,2042,1634,4243,5805,1106,4699,72,5805,60,342,5278,125,72
0500000US31169,"Thayer County, Nebraska",5053,2517,2536,610,1907,658,1878,1268,3785,4889,1391,3498,164,4889,11,144,4601,133,164
0500000US31171,"Thomas County, Nebraska",562,250,312,49,201,50,262,99,463,562,114,448,0,562,0,23,523,16,0
0500000US31173,"Thurston County, Nebraska",6806,3360,3446,1372,1988,1310,2136,2682,4124,6725,2855,3870,81,6725,9,473,2277,3966,81
0500000US31175,"Valley County, Nebraska",4031,1989,2042,523,1466,503,1539,1026,3005,3969,1021,2948,62,3969,8,75,3835,51,62
0500000US31177,"Washington County, Nebraska",20699,10270,10429,2828,7442,2623,7806,5451,15248,20449,3093,17356,250,20449,188,567,19297,397,250
0500000US31179,"Wayne County, Nebraska",9590,4831,4759,1517,3314,1537,3222,3054,6536,8136,1983,6153,1454,8136,45,581,7350,160,1454
0500000US31181,"Webster County, Nebraska",3442,1745,1697,454,1291,421,1276,875,2567,3361,952,2409,81,3361,7,177,3027,150,81
0500000US31183,"Wheeler County, Nebraska",735,370,365,55,315,74,291,129,606,735,269,466,0,735,0,20,714,1,0
0500000US31185,"York County, Nebraska",14164,7090,7074,2096,4994,1602,5472,3698,10466,13222,2811,10411,942,13222,109,547,12265,301,942
0500000US32001,"Churchill County, Nevada",25077,12939,12138,3321,9618,2827,9311,6148,18929,24461,5912,18549,616,24461,549,3581,17634,2697,616
0500000US32003,"Clark County, Nevada",2231147,1117449,1113698,290241,827208,276846,836852,567087,1664060,2205977,644825,1561152,25170,2205977,260627,701655,895356,348339,25170
0500000US32005,"Douglas County, Nevada",49158,24918,24240,4705,20213,4285,19955,8990,40168,48814,9071,39743,344,48814,360,6366,38584,3504,344
0500000US32007,"Elko County, Nevada",53420,28038,25382,8169,19869,7492,17890,15661,37759,52536,12474,40062,884,52536,492,12935,33785,5324,884
0500000US32009,"Esmeralda County, Nevada",987,486,501,51,435,61,440,112,875,981,377,604,6,981,11,273,675,22,6
0500000US32011,"Eureka County, Nevada",1603,791,812,288,503,258,554,546,1057,1598,538,1060,5,1598,0,171,1341,86,5
0500000US32013,"Humboldt County, Nevada",17218,9016,8202,2651,6365,2335,5867,4986,12232,17016,4698,12318,202,17016,92,4774,10961,1189,202
0500000US32015,"Lander County, Nevada",5729,3204,2525,904,2300,726,1799,1630,4099,5686,1534,4152,43,5686,136,1462,3987,101,43
0500000US32017,"Lincoln County, Nevada",4600,2640,1960,578,2062,437,1523,1015,3585,4056,1088,2968,544,4056,10,202,3726,118,544
0500000US32019,"Lyon County, Nevada",58029,29744,28285,6757,22987,6770,21515,13527,44502,57787,13769,44018,242,57787,646,10609,42112,4420,242
0500000US32021,"Mineral County, Nevada",4552,2072,2480,476,1596,600,1880,1076,3476,4484,1805,2679,68,4484,141,675,2631,1037,68
0500000US32023,"Nye County, Nevada",50096,25483,24613,4631,20852,4630,19983,9261,40835,49280,17126,32154,816,49280,981,7630,35708,4961,816
0500000US32027,"Pershing County, Nevada",6668,4347,2321,569,3778,627,1694,1196,5472,4866,1128,3738,1802,4866,10,1020,3397,439,1802
0500000US32029,"Storey County, Nevada",4047,2140,1907,470,1670,391,1516,861,3186,4032,814,3218,15,4032,97,93,3300,542,15
0500000US32031,"Washoe County, Nevada",479758,243068,236690,59088,183980,55804,180886,114892,364866,473453,116623,356830,6305,473453,11407,119559,289582,52905,6305
0500000US32033,"White Pine County, Nevada",9192,5551,3641,991,4560,813,2828,1804,7388,7582,1781,5801,1610,7582,36,1209,5921,416,1610
0500000US32510,"Carson City, Nevada",57957,29903,28054,6625,23278,6406,21648,13031,44926,55530,15578,39952,2427,55530,783,13889,36259,4599,2427
0500000US33001,"Belknap County, New Hampshire",63395,31232,32163,6432,24800,6459,25704,12891,50504,62642,11355,51287,753,62642,340,1187,59024,2091,753
0500000US33003,"Carroll County, New Hampshire",49961,25172,24789,4674,20498,4011,20778,8685,41276,49311,10145,39166,650,49311,215,809,46961,1326,650
0500000US33005,"Cheshire County, New Hampshire",76473,37722,38751,8623,29099,8335,30416,16958,59515,72022,15124,56898,4451,72022,493,1324,67701,2504,4451
0500000US33007,"Coos County, New Hampshire",31360,16913,14447,2942,13971,2593,11854,5535,25825,29324,8483,20841,2036,29324,26,300,28616,382,2036
0500000US33009,"Grafton County, New Hampshire",91025,44780,46245,9747,35033,9489,36756,19236,71789,84830,18757,66073,6195,84830,701,1903,77036,5190,6195
0500000US33011,"Hillsborough County, New Hampshire",420504,210353,210151,48844,161509,46540,163611,95384,325120,412807,66456,346351,7697,412807,11561,30607,341476,29163,7697
0500000US33013,"Merrimack County, New Hampshire",152983,75888,77095,17022,58866,16527,60568,33549,119434,146723,23886,122837,6260,146723,1948,3096,135024,6655,6260
0500000US33015,"Rockingham County, New Hampshire",312771,155815,156956,34504,121311,32369,124587,66873,245898,310070,34359,275711,2701,310070,2876,10102,282815,14277,2701
0500000US33017,"Strafford County, New Hampshire",130598,64397,66201,15316,49081,16325,49876,31641,98957,120582,23633,96949,10016,120582,1256,3163,108209,7954,10016
0500000US33019,"Sullivan County, New Hampshire",43105,21574,21531,4598,16976,4247,17284,8845,34260,42371,10825,31546,734,42371,251,733,39920,1467,734
0500000US34001,"Atlantic County, New Jersey",273865,133449,140416,33464,99985,31686,108730,65150,208715,268046,73593,194453,5819,268046,36187,51939,148972,30948,5819
0500000US34003,"Bergen County, New Jersey",952979,465886,487093,115002,350884,110035,377058,225037,727942,942365,131904,810461,10614,942365,53450,197478,513223,178214,10614
0500000US34005,"Burlington County, New Jersey",460102,227714,232388,54306,173408,51839,180549,106145,353957,448202,63478,384724,11900,448202,72237,37618,297427,40920,11900
0500000US34007,"Camden County, New Jersey",521194,252936,268258,67130,185806,63736,204522,130866,390328,514355,124572,389783,6839,514355,96802,91259,284606,41688,6839
0500000US34009,"Cape May County, New Jersey",95488,46861,48627,9593,37268,9037,39590,18630,76858,93848,19769,74079,1640,93848,3499,7610,79740,2999,1640
0500000US34011,"Cumberland County, New Jersey",154921,79287,75634,20925,58362,20163,55471,41088,113833,142878,50402,92476,12043,142878,25014,46925,65923,5016,12043
0500000US34013,"Essex County, New Jersey",852720,412826,439894,114879,297947,109770,330124,224649,628071,831578,243152,588426,21142,831578,319219,198166,241750,72443,21142
0500000US34015,"Gloucester County, New Jersey",300821,147031,153790,37346,109685,35773,118017,73119,227702,296358,45705,250653,4463,296358,30221,19885,229752,16500,4463
0500000US34017,"Hudson County, New Jersey",713264,356517,356747,81647,274870,78212,278535,159859,553405,704304,200254,504050,8960,704304,83264,299901,197936,123203,8960
0500000US34019,"Hunterdon County, New Jersey",128807,64087,64720,14674,49413,13553,51167,28227,100580,124957,11872,113085,3850,124957,1782,8564,106394,8217,3850
0500000US34021,"Mercer County, New Jersey",384951,189341,195610,49119,140222,47291,148319,96410,288541,368123,82346,285777,16828,368123,73482,68808,176505,49328,16828
0500000US34023,"Middlesex County, New Jersey",858770,426364,432406,108965,317399,103736,328670,212701,646069,831228,141852,689376,27542,831228,82161,183561,340459,225047,27542
0500000US34025,"Monmouth County, New Jersey",642160,314419,327741,77437,236982,74280,253461,151717,490443,635691,84916,550775,6469,635691,41535,70197,472689,51270,6469
0500000US34027,"Morris County, New Jersey",508347,251444,256903,61841,189603,58276,198627,120117,388230,500305,53168,447137,8042,500305,15881,68743,349007,66674,8042
0500000US34029,"Ocean County, New Jersey",630057,306203,323854,85780,220423,81145,242709,166925,463132,622935,142745,480190,7122,622935,18565,58784,522840,22746,7122
0500000US34031,"Passaic County, New Jersey",521067,255838,265229,71295,184543,68215,197014,139510,381557,513811,148322,365489,7256,513811,54918,219589,206311,32993,7256
0500000US34033,"Salem County, New Jersey",64752,31966,32786,8066,23900,7345,25441,15411,49341,63293,16486,46807,1459,63293,9050,6266,46182,1795,1459
0500000US34035,"Somerset County, New Jersey",343950,169277,174673,42904,126373,40265,134408,83169,260781,340361,39123,301238,3589,340361,32601,51377,183597,72786,3589
0500000US34037,"Sussex County, New Jersey",144492,72561,71931,16416,56145,15289,56642,31705,112787,143027,16773,126254,1465,143027,3147,13143,120396,6341,1465
0500000US34039,"Union County, New Jersey",571963,281266,290697,75897,205369,72862,217835,148759,423204,565128,118610,446518,6835,565128,118704,184126,217108,45190,6835
0500000US34041,"Warren County, New Jersey",109354,54038,55316,12322,41716,11745,43571,24067,85287,107700,18249,89451,1654,107700,4788,10996,85928,5988,1654
0500000US35001,"Bernalillo County, New Mexico",674919,332295,342624,83378,248917,79781,262843,163159,511760,667031,211101,455930,7888,667031,19064,338472,248214,61281,7888
0500000US35003,"Catron County, New Mexico",3581,1871,1710,279,1592,223,1487,502,3079,3537,1882,1655,44,3537,13,607,2828,89,44
0500000US35005,"Chaves County, New Mexico",65014,32625,32389,9989,22636,9103,23286,19092,45922,62457,27543,34914,2557,62457,844,36587,23316,1710,2557
0500000US35006,"Cibola County, New Mexico",27284,13703,13581,3264,10439,3945,9636,7209,20075,25897,12758,13139,1387,25897,296,9893,4669,11039,1387
0500000US35007,"Colfax County, New Mexico",12406,6254,6152,1281,4973,1305,4847,2586,9820,11830,5135,6695,576,11830,72,5843,5551,364,576
0500000US35009,"Curry County, New Mexico",48716,25114,23602,7290,17824,7038,16564,14328,34388,47689,18416,29273,1027,47689,2517,20851,21857,2464,1027
0500000US35011,"De Baca County, New Mexico",1873,1030,843,414,616,335,508,749,1124,1856,889,967,17,1856,48,1139,662,7,17
0500000US35013,"Doña Ana County, New Mexico",218157,107696,110461,31423,76273,30369,80092,61792,156365,212381,93564,118817,5776,212381,3901,147136,55761,5583,5776
0500000US35015,"Eddy County, New Mexico",61096,31248,29848,9303,21945,8599,21249,17902,43194,60401,17091,43310,695,60401,849,30778,26729,2045,695
0500000US35017,"Grant County, New Mexico",28178,14132,14046,3499,10633,2995,11051,6494,21684,27294,12204,15090,884,27294,239,13752,12461,842,884
0500000US35019,"Guadalupe County, New Mexico",4465,2649,1816,399,2250,490,1326,889,3576,3774,1532,2242,691,3774,20,2857,595,302,691
0500000US35021,"Harding County, New Mexico",533,252,281,16,236,72,209,88,445,533,220,313,0,533,0,219,237,77,0
0500000US35023,"Hidalgo County, New Mexico",4214,2065,2149,439,1626,565,1584,1004,3210,4116,1696,2420,98,4116,31,2458,1513,114,98
0500000US35025,"Lea County, New Mexico",72743,37551,35192,12618,24933,11714,23478,24332,48411,70064,23669,46395,2679,70064,2924,42579,23350,1211,2679
0500000US35027,"Lincoln County, New Mexico",20084,9545,10539,1915,7630,1887,8652,3802,16282,19871,7132,12739,213,19871,145,6763,11930,1033,213
0500000US35028,"Los Alamos County, New Mexico",19169,9808,9361,2433,7375,2160,7201,4593,14576,19092,1924,17168,77,19092,201,3491,13535,1865,77
0500000US35029,"Luna County, New Mexico",25282,12911,12371,3877,9034,3498,8873,7375,17907,24903,13568,11335,379,24903,452,17037,7011,403,379
0500000US35031,"McKinley County, New Mexico",72946,35367,37579,11602,23765,11321,26258,22923,50023,72252,40454,31798,694,72252,356,10353,5738,55805,694
0500000US35033,"Mora County, New Mexico",4232,1858,2374,233,1625,377,1997,610,3622,4215,2237,1978,17,4215,0,3501,697,17,17
0500000US35035,"Otero County, New Mexico",67298,34899,32399,8926,25973,8328,24071,17254,50044,63814,25260,38554,3484,63814,2097,24345,30661,6711,3484
0500000US35037,"Quay County, New Mexico",8675,4090,4585,902,3188,1254,3331,2156,6519,8460,4226,4234,215,8460,124,3924,4109,303,215
0500000US35039,"Rio Arriba County, New Mexico",40347,19926,20421,5240,14686,5185,15236,10425,29922,40137,15671,24466,210,40137,223,28708,4711,6495,210
0500000US35041,"Roosevelt County, New Mexico",19223,9667,9556,2877,6790,2726,6830,5603,13620,18106,6871,11235,1117,18106,281,8023,9041,761,1117
0500000US35043,"Sandoval County, New Mexico",147327,72690,74637,19309,53381,18287,56350,37596,109731,146075,34209,111866,1252,146075,3236,58696,61381,22762,1252
0500000US35045,"San Juan County, New Mexico",122912,61045,61867,18131,42914,17505,44362,35636,87276,121148,55156,65992,1764,121148,945,25698,44292,50213,1764
0500000US35047,"San Miguel County, New Mexico",27357,13632,13725,2918,10714,2933,10792,5851,21506,25900,11407,14493,1457,25900,225,20674,4082,919,1457
0500000US35049,"Santa Fe County, New Mexico",153632,74807,78825,15359,59448,15213,63612,30572,123060,151070,42702,108368,2562,151070,1379,76868,64336,8487,2562
0500000US35051,"Sierra County, New Mexico",11512,5742,5770,960,4782,1026,4744,1986,9526,11207,4911,6296,305,11207,1,3547,7042,617,305
0500000US35053,"Socorro County, New Mexico",16605,8651,7954,2757,5894,1952,6002,4709,11896,15915,7734,8181,690,15915,109,8129,5209,2468,690
0500000US35055,"Taos County, New Mexico",34322,16873,17449,3441,13432,3500,13949,6941,27381,34122,11951,22171,200,34122,36,19366,12106,2614,200
0500000US35057,"Torrance County, New Mexico",15150,7848,7302,1833,6015,1952,5350,3785,11365,14921,6585,8336,229,14921,335,6577,7342,667,229
0500000US35059,"Union County, New Mexico",4122,2225,1897,324,1901,527,1370,851,3271,3502,1480,2022,620,3502,2,1471,1868,161,620
0500000US35061,"Valencia County, New Mexico",75992,38379,37613,10123,28256,9633,27980,19756,56236,74050,26543,47507,1942,74050,972,45553,23114,4411,1942
0500000US36001,"Albany County, New York",314679,152999,161680,35936,117063,35438,126242,71374,243305,298762,66927,231835,15917,298762,35062,17782,213410,32508,15917
0500000US36003,"Allegany County, New York",46654,23602,23052,6505,17097,6066,16986,12571,34083,41571,13931,27640,5083,41571,153,448,40092,878,5083
0500000US36005,"Bronx County, New York",1468262,695801,772461,206886,488915,198284,574177,405170,1063092,1433574,659218,774356,34688,1433574,493392,813288,121813,5081,34688
0500000US36007,"Broome County, New York",198591,98333,100258,24343,73990,22708,77550,47051,151540,188745,63836,124909,9846,188745,9895,8316,156204,14330,9846
0500000US36009,"Cattaraugus County, New York",77211,38686,38525,10046,28640,9378,29147,19424,57787,74788,25389,49399,2423,74788,804,1505,67418,5061,2423
0500000US36011,"Cayuga County, New York",76644,39552,37092,8759,30793,8069,29023,16828,59816,71990,20825,51165,4654,71990,1184,1867,65819,3120,4654
0500000US36013,"Chautauqua County, New York",128042,63634,64408,15442,48192,15005,49403,30447,97595,122618,42421,80197,5424,122618,2406,9315,107320,3577,5424
0500000US36015,"Chemung County, New York",84456,42176,42280,10042,32134,9962,32318,20004,64452,79941,24412,55529,4515,79941,3669,2392,69537,4343,4515
0500000US36017,"Chenango County, New York",47407,23820,23587,5581,18239,5355,18232,10936,36471,46485,14362,32123,922,46485,262,1052,43811,1360,922
0500000US36019,"Clinton County, New York",80095,41412,38683,8889,32523,8864,29819,17753,62342,72505,20676,51829,7590,72505,699,1108,68576,2122,7590
0500000US36021,"Columbia County, New York",61587,30989,30598,6108,24881,5362,25236,11470,50117,59696,13688,46008,1891,59696,1928,2914,51124,3730,1891
0500000US36023,"Cortland County, New York",46984,23159,23825,6099,17060,5853,17972,11952,35032,43213,11898,31315,3771,43213,578,1186,39834,1615,3771
0500000US36025,"Delaware County, New York",44644,22640,22004,4671,17969,4351,17653,9022,35622,42407,12874,29533,2237,42407,556,1598,39001,1252,2237
0500000US36027,"Dutchess County, New York",296012,147945,148067,33518,114427,32316,115751,65834,230178,279766,50810,228956,16246,279766,27169,36148,198515,17934,16246
0500000US36029,"Erie County, New York",949715,462531,487184,111626,350905,107141,380043,218767,730948,925017,247423,677594,24698,925017,116347,52481,694351,61838,24698
0500000US36031,"Essex County, New York",37501,19567,17934,3468,16099,3254,14680,6722,30779,34906,9350,25556,2595,34906,123,520,33335,928,2595
0500000US36033,"Franklin County, New York",47996,26183,21813,5647,20536,5047,16766,10694,37302,42862,14517,28345,5134,42862,419,773,36901,4769,5134
0500000US36035,"Fulton County, New York",53588,26842,26746,6097,20745,5817,20929,11914,41674,52394,17214,35180,1194,52394,499,1775,47806,2314,1194
0500000US36037,"Genesee County, New York",58387,29428,28959,6723,22705,6515,22444,13238,45149,57333,13378,43955,1054,57333,1105,1979,51780,2469,1054
0500000US36039,"Greene County, New York",48026,25333,22693,4667,20666,4144,18549,8811,39215,44770,11327,33443,3256,44770,1068,2395,39261,2046,3256
0500000US36041,"Hamilton County, New York",5068,2562,2506,391,2171,434,2072,825,4243,5019,1236,3783,49,5019,12,93,4660,254,49
0500000US36043,"Herkimer County, New York",60596,30224,30372,7296,22928,6867,23505,14163,46433,59517,17223,42294,1079,59517,632,1402,55547,1936,1079
0500000US36045,"Jefferson County, New York",117634,61825,55809,16081,45744,15335,40474,31416,86218,110671,32553,78118,6963,110671,5407,7833,91848,5583,6963
0500000US36047,"Kings County, New York",2712360,1291975,1420385,345253,946722,329418,1090967,674671,2037689,2685920,919452,1766468,26440,2685920,817281,504532,986986,377121,26440
0500000US36049,"Lewis County, New York",26681,13453,13228,3429,10024,3330,9898,6759,19922,26388,7613,18775,293,26388,354,441,25063,530,293
0500000US36051,"Livingston County, New York",62253,31621,30632,7159,24462,7484,23148,14643,47610,56436,13211,43225,5817,56436,680,1780,51761,2215,5817
0500000US36053,"Madison County, New York",68466,33962,34504,8402,25560,8279,26225,16681,51785,63047,14014,49033,5419,63047,412,1203,58935,2497,5419
0500000US36055,"Monroe County, New York",757332,367263,390069,92648,274615,88701,301368,181349,575983,731851,188727,543124,25481,731851,108402,67970,511045,44434,25481
0500000US36057,"Montgomery County, New York",49539,24587,24952,6561,18026,6047,18905,12608,36931,48709,16853,31856,830,48709,1385,7294,38668,1362,830
0500000US36059,"Nassau County, New York",1391678,682908,708770,172744,510164,162925,545845,335669,1056009,1371412,168392,1203020,20266,1371412,156374,235641,799992,179405,20266
0500000US36061,"New York County, New York",1669127,794996,874131,137991,657005,140069,734062,278060,1391067,1621702,421649,1200053,47425,1621702,226175,418438,759069,218020,47425
0500000US36063,"Niagara County, New York",212808,104310,108498,24278,80032,23591,84907,47869,164939,208984,53426,155558,3824,208984,13893,6895,177046,11150,3824
0500000US36065,"Oneida County, New York",232034,116372,115662,29016,87356,27307,88355,56323,175711,220439,63935,156504,11595,220439,11733,13022,180878,14806,11595
0500000US36067,"Onondaga County, New York",474621,230302,244319,59590,170712,58093,186226,117683,356938,454912,120937,333975,19709,454912,49456,23179,348342,33935,19709
0500000US36069,"Ontario County, New York",112060,55172,56888,13147,42025,12453,44435,25600,86460,108685,22551,86134,3375,108685,2180,5199,97438,3868,3375
0500000US36071,"Orange County, New York",398277,200536,197741,59223,141313,55247,142494,114470,283807,387840,92271,295569,10437,387840,41804,83836,241681,20519,10437
0500000US36073,"Orleans County, New York",40588,20413,20175,4593,15820,4120,16055,8713,31875,37929,12147,25782,2659,37929,1343,1929,33357,1300,2659
0500000US36075,"Oswego County, New York",118019,59372,58647,15373,43999,14258,44389,29631,88388,112316,33882,78434,5703,112316,582,2347,105701,3686,5703
0500000US36077,"Otsego County, New York",58952,28786,30166,6337,22449,6585,23581,12922,46030,53708,14786,38922,5244,53708,742,1622,49493,1851,5244
0500000US36079,"Putnam County, New York",97960,49230,48730,10970,38260,10583,38147,21553,76407,96570,11398,85172,1390,96570,3244,15492,74041,3793,1390
0500000US36081,"Queens County, New York",2393104,1168713,1224391,272303,896410,257779,966612,530082,1863022,2366297,622158,1744139,26807,2366297,418091,660540,580077,707589,26807
0500000US36083,"Rensselaer County, New York",161125,80040,81085,19432,60608,17597,63488,37029,124096,155369,33441,121928,5756,155369,10123,8139,128321,8786,5756
0500000US36085,"Richmond County, New York",493194,240755,252439,61463,179292,58074,194365,119537,373657,487972,98843,389129,5222,487972,48815,90252,290944,57961,5222
0500000US36087,"Rockland County, New York",336485,166072,170413,54090,111982,51666,118747,105756,230729,332165,89857,242308,4320,332165,37947,59549,209565,25104,4320
0500000US36089,"St. Lawrence County, New York",108836,55830,53006,14658,41172,13361,39645,28019,80817,96869,32622,64247,11967,96869,479,1487,92087,2816,11967
0500000US36091,"Saratoga County, New York",235010,116623,118387,26847,89776,25830,92557,52677,182333,231364,35847,195517,3646,231364,3692,7605,207576,12491,3646
0500000US36093,"Schenectady County, New York",157515,77213,80302,19756,57457,18363,61939,38119,119396,153281,36566,116715,4234,153281,14928,11513,109540,17300,4234
0500000US36095,"Schoharie County, New York",29936,14956,14980,3356,11600,3282,11698,6638,23298,28569,7694,20875,1367,28569,208,851,26373,1137,1367
0500000US36097,"Schuyler County, New York",17920,9039,8881,1970,7069,1820,7061,3790,14130,17681,5480,12201,239,17681,151,300,16720,510,239
0500000US36099,"Seneca County, New York",33900,17874,16026,3937,13937,3506,12520,7443,26457,31022,8351,22671,2878,31022,470,882,28673,997,2878
0500000US36101,"Steuben County, New York",94153,47254,46899,11635,35619,10763,36136,22398,71755,92576,27236,65340,1577,92576,1418,1516,86149,3493,1577
0500000US36103,"Suffolk County, New York",1522998,753907,769091,184753,569154,176394,592697,361147,1161851,1496123,204230,1291893,26875,1496123,111159,296810,999655,88499,26875
0500000US36105,"Sullivan County, New York",78230,40238,37992,9547,30691,9086,28906,18633,59597,74094,22597,51497,4136,74094,5098,12128,53321,3547,4136
0500000US36107,"Tioga County, New York",48567,24254,24313,5771,18483,5455,18858,11226,37341,47971,11516,36455,596,47971,427,935,45341,1268,596
0500000US36109,"Tompkins County, New York",105638,52504,53134,13343,39161,12469,40665,25812,79826,91682,26530,65152,13956,91682,2649,3656,73433,11944,13956
0500000US36111,"Ulster County, New York",181862,90704,91158,18555,72149,18707,72451,37262,144600,174144,41783,132361,7718,174144,8949,17648,134546,13001,7718
0500000US36113,"Warren County, New York",65692,32497,33195,6830,25667,6299,26896,13129,52563,64849,13570,51279,843,64849,784,1740,60457,1868,843
0500000US36115,"Washington County, New York",61504,32076,29428,6798,25278,6077,23351,12875,48629,57960,14942,43018,3544,57960,345,1050,54692,1873,3544
0500000US36117,"Wayne County, New York",91332,45648,45684,11064,34584,10455,35229,21519,69813,90356,21587,68769,976,90356,1929,4159,80352,3916,976
0500000US36119,"Westchester County, New York",999723,487293,512430,126509,360784,119440,392990,245949,753774,977049,167251,809798,22674,977049,139222,246509,513321,77997,22674
0500000US36121,"Wyoming County, New York",40679,21738,18941,4256,17482,4633,14308,8889,31790,37811,9168,28643,2868,37811,415,826,35153,1417,2868
0500000US36123,"Yates County, New York",24808,11982,12826,3098,8884,3359,9467,6457,18351,23528,6934,16594,1280,23528,155,522,22304,547,1280
0500000US37001,"Alamance County, North Carolina",169185,80687,88498,22417,58270,22033,66465,44450,124735,164869,51002,113867,4316,164869,32773,21845,101990,8261,4316
0500000US37003,"Alexander County, North Carolina",36491,18568,17923,4077,14491,4009,13914,8086,28405,35131,10197,24934,1360,35131,1291,1810,30787,1243,1360
0500000US37005,"Alleghany County, North Carolina",10910,5372,5538,1006,4366,1055,4483,2061,8849,10816,4788,6028,94,10816,153,1094,9371,198,94
0500000US37007,"Anson County, North Carolina",22388,11299,11089,2667,8632,2492,8597,5159,17229,20893,8925,11968,1495,20893,10216,907,9304,466,1495
0500000US37009,"Ashe County, North Carolina",26598,13095,13503,2642,10453,2504,10999,5146,21452,26333,9267,17066,265,26333,240,1385,24245,463,265
0500000US37011,"Avery County, North Carolina",17747,9806,7941,1486,8320,1446,6495,2932,14815,14645,5280,9365,3102,14645,35,797,13424,389,3102
0500000US37013,"Beaufort County, North Carolina",44898,21421,23477,4961,16460,4948,18529,9909,34989,44336,15303,29033,562,44336,10810,3503,29113,910,562
0500000US37015,"Bertie County, North Carolina",18105,9201,8904,1773,7428,1698,7206,3471,14634,16780,7775,9005,1325,16780,10404,310,5782,284,1325
0500000US37017,"Bladen County, North Carolina",30105,14429,15676,3653,10776,3278,12398,6931,23174,29734,12895,16839,371,29734,10349,2338,16211,836,371
0500000US37019,"Brunswick County, North Carolina",133789,64555,69234,11565,52990,10379,58855,21944,111845,132910,31044,101866,879,132910,11911,6660,108174,6165,879
0500000US37021,"Buncombe County, North Carolina",266981,128615,138366,27930,100685,27262,111104,55192,211789,260648,72699,187949,6333,260648,14738,18092,216444,11374,6333
0500000US37023,"Burke County, North Carolina",87829,44127,43702,10046,34081,8660,35042,18706,69123,85481,30579,54902,2348,85481,4595,5582,69804,5500,2348
0500000US37025,"Cabarrus County, North Carolina",221200,108453,112747,32092,76361,30079,82668,62171,159029,219369,48560,170809,1831,219369,42143,24189,137279,15758,1831
0500000US37027,"Caldwell County, North Carolina",80705,39996,40709,9250,30746,8935,31774,18185,62520,79526,26788,52738,1179,79526,3133,4819,68879,2695,1179
0500000US37029,"Camden County, North Carolina",10353,5320,5033,1583,3737,1133,3900,2716,7637,10353,2165,8188,0,10353,1093,345,8174,741,0
0500000US37031,"Carteret County, North Carolina",67944,33553,34391,7007,26546,6256,28135,13263,54681,66630,16597,50033,1314,66630,2718,2979,57601,3332,1314
0500000US37033,"Caswell County, North Carolina",22785,11615,11170,2513,9102,2279,8891,4792,17993,21608,6418,15190,1177,21608,6854,965,13252,537,1177
0500000US37035,"Catawba County, North Carolina",159852,78651,81201,20114,58537,19311,61890,39425,120427,156937,47171,109766,2915,156937,12083,16137,116812,11905,2915
0500000US37037,"Chatham County, North Carolina",75070,35817,39253,8130,27687,8237,31016,16367,58703,74285,17147,57138,785,74285,8456,9057,52864,3908,785
0500000US37039,"Cherokee County, North Carolina",28515,14011,14504,2579,11432,2506,11998,5085,23430,28174,10542,17632,341,28174,317,1020,25502,1335,341
0500000US37041,"Chowan County, North Carolina",13796,6553,7243,1438,5115,1575,5668,3013,10783,13545,5250,8295,251,13545,4717,455,8084,289,251
0500000US37043,"Clay County, North Carolina",10997,5277,5720,1208,4069,971,4749,2179,8818,10930,3466,7464,67,10930,244,174,10143,369,67
0500000US37045,"Cleveland County, North Carolina",98898,47714,51184,12477,35237,12152,39032,24629,74269,97041,36616,60425,1857,97041,19894,3826,69459,3862,1857
0500000US37047,"Columbus County, North Carolina",51474,25644,25830,5917,19727,5947,19883,11864,39610,48708,21611,27097,2766,48708,13711,2712,29264,3021,2766
0500000US37049,"Craven County, North Carolina",101405,50915,50490,12140,38775,12395,38095,24535,76870,96057,29293,66764,5348,96057,20447,6717,63052,5841,5348
0500000US37051,"Cumberland County, North Carolina",333582,165964,167618,48376,117588,45416,122202,93792,239790,316744,115384,201360,16838,316744,119944,38022,130098,28680,16838
0500000US37053,"Currituck County, North Carolina",27575,13778,13797,3391,10387,3241,10556,6632,20943,27370,4775,22595,205,27370,1585,1209,23631,945,205
0500000US37055,"Dare County, North Carolina",36718,18460,18258,4062,14398,3423,14835,7485,29233,36454,7331,29123,264,36454,1314,2693,31387,1060,264
0500000US37057,"Davidson County, North Carolina",168002,82445,85557,20632,61813,19779,65778,40411,127591,166072,57176,108896,1930,166072,15771,12729,130865,6707,1930
0500000US37059,"Davie County, North Carolina",42543,20757,21786,5026,15731,4965,16821,9991,32552,42314,10543,31771,229,42314,1890,3069,35364,1991,229
0500000US37061,"Duplin County, North Carolina",49836,24539,25297,6886,17653,6295,19002,13181,36655,49331,21030,28301,505,49331,10677,11390,25104,2160,505
0500000US37063,"Durham County, North Carolina",320146,153606,166540,38542,115064,37952,128588,76494,243652,306261,85620,220641,13885,306261,107307,42611,130303,26040,13885
0500000US37065,"Edgecombe County, North Carolina",49609,23121,26488,6374,16747,5933,20555,12307,37302,48931,20834,28097,678,48931,27871,2526,17224,1310,678
0500000US37067,"Forsyth County, North Carolina",380583,181271,199312,50522,130749,49536,149776,100058,280525,369892,116425,253467,10691,369892,94273,50629,206243,18747,10691
0500000US37069,"Franklin County, North Carolina",67598,33650,33948,8725,24925,8094,25854,16819,50779,66147,18968,47179,1451,66147,15291,6055,41822,2979,1451
0500000US37071,"Gaston County, North Carolina",226097,109657,116440,28993,80664,27428,89012,56421,169676,222470,68448,154022,3627,222470,37922,17148,156606,10794,3627
0500000US37073,"Gates County, North Carolina",10584,5124,5460,1199,3925,1211,4249,2410,8174,10467,3208,7259,117,10467,3147,250,6553,517,117
0500000US37075,"Graham County, North Carolina",8089,3845,4244,819,3026,1023,3221,1842,6247,7978,2700,5278,111,7978,2,316,6804,856,111
0500000US37077,"Granville County, North Carolina",60854,31046,29808,7380,23666,6573,23235,13953,46901,57957,17437,40520,2897,57957,16544,5040,33547,2826,2897
0500000US37079,"Greene County, North Carolina",20524,11419,9105,2732,8687,2064,7041,4796,15728,18163,8238,9925,2361,18163,5915,2986,8807,455,2361
0500000US37081,"Guilford County, North Carolina",537113,255614,281499,70325,185289,70219,211280,140544,396569,517118,158222,358896,19995,517118,174651,43842,253886,44739,19995
0500000US37083,"Halifax County, North Carolina",49291,23908,25383,5975,17933,5678,19705,11653,37638,48079,23111,24968,1212,48079,24978,1470,18000,3631,1212
0500000US37085,"Harnett County, North Carolina",133074,66234,66840,19495,46739,18690,48150,38185,94889,129760,40333,89427,3314,129760,27500,17605,78029,6626,3314
0500000US37087,"Haywood County, North Carolina",61695,30026,31669,6466,23560,6043,25626,12509,49186,60956,18693,42263,739,60956,432,2636,56012,1876,739
0500000US37089,"Henderson County, North Carolina",115613,55817,59796,12396,43421,11939,47857,24335,91278,114405,29755,84650,1208,114405,3795,11923,94478,4209,1208
0500000US37091,"Hertford County, North Carolina",22010,10973,11037,2602,8371,2533,8504,5135,16875,19781,8684,11097,2229,19781,11699,468,6700,914,2229
0500000US37093,"Hoke County, North Carolina",52169,25850,26319,8045,17805,7557,18762,15602,36567,50632,17715,32917,1537,50632,16581,7232,19504,7315,1537
0500000US37095,"Hyde County, North Carolina",4697,2533,2164,527,2006,432,1732,959,3738,4234,1973,2261,463,4234,1034,623,2467,110,463
0500000US37097,"Iredell County, North Carolina",183965,91161,92804,23830,67331,22596,70208,46426,137539,182174,41466,140708,1791,182174,21554,14522,136779,9319,1791
0500000US37099,"Jackson County, North Carolina",42983,21210,21773,4995,16215,4968,16805,9963,33020,39235,14610,24625,3748,39235,488,2517,31234,4996,3748
0500000US37101,"Johnston County, North Carolina",211320,104195,107125,30155,74040,28567,78558,58722,152598,209221,61167,148054,2099,209221,33489,29791,138177,7764,2099
0500000US37103,"Jones County, North Carolina",9326,4660,4666,1134,3526,878,3788,2012,7314,9252,3736,5516,74,9252,2569,506,5743,434,74
0500000US37105,"Lee County, North Carolina",62676,30576,32100,8461,22115,8174,23926,16635,46041,61349,20473,40876,1327,61349,11694,12066,35283,2306,1327
0500000US37107,"Lenoir County, North Carolina",55344,26731,28613,7265,19466,6511,22102,13776,41568,54366,24113,30253,978,54366,21592,4411,26302,2061,978
0500000US37109,"Lincoln County, North Carolina",85670,42653,43017,10278,32375,9637,33380,19915,65755,84906,21815,63091,764,84906,4139,6318,71410,3039,764
0500000US37111,"McDowell County, North Carolina",44527,22270,22257,5144,17126,4746,17511,9890,34637,43456,14448,29008,1071,43456,1025,2784,38136,1511,1071
0500000US37113,"Macon County, North Carolina",36532,17902,18630,3897,14005,3369,15261,7266,29266,36241,12756,23485,291,36241,503,2752,32034,952,291
0500000US37115,"Madison County, North Carolina",21269,10479,10790,2510,7969,2151,8639,4661,16608,20344,6150,14194,925,20344,115,498,19163,568,925
0500000US37117,"Martin County, North Carolina",22213,10441,11772,2584,7857,2643,9129,5227,16986,21882,8399,13483,331,21882,9208,956,11304,414,331
0500000US37119,"Mecklenburg County, North Carolina",1100984,531598,569386,144586,387012,141363,428023,285949,815035,1084575,258476,826099,16409,1084575,340034,148510,494589,101442,16409
0500000US37121,"Mitchell County, North Carolina",14951,7431,7520,1641,5790,1444,6076,3085,11866,14566,4536,10030,385,14566,4,881,13376,305,385
0500000US37123,"Montgomery County, North Carolina",25891,12471,13420,2984,9487,3312,10108,6296,19595,24886,9586,15300,1005,24886,4180,3915,15717,1074,1005
0500000US37125,"Moore County, North Carolina",98618,48125,50493,12305,35820,11136,39357,23441,75177,97026,20664,76362,1592,97026,10268,6972,74590,5196,1592
0500000US37127,"Nash County, North Carolina",94628,45518,49110,11790,33728,11458,37652,23248,71380,92662,28528,64134,1966,92662,37495,6803,44977,3387,1966
0500000US37129,"New Hanover County, North Carolina",225175,107649,117526,24623,83026,24508,93018,49131,176044,218563,61235,157328,6612,218563,27596,12755,168198,10014,6612
0500000US37131,"Northampton County, North Carolina",17917,8857,9060,1828,7029,1650,7410,3478,14439,17187,6767,10420,730,17187,9453,410,6664,660,730
0500000US37133,"Onslow County, North Carolina",201597,112174,89423,32722,79452,26091,63332,58813,142784,180341,61011,119330,21256,180341,26159,20816,120357,13009,21256
0500000US37135,"Orange County, North Carolina",147376,70328,77048,18574,51754,19068,57980,37642,109734,135586,30906,104680,11790,135586,14896,11901,93442,15347,11790
0500000US37137,"Pamlico County, North Carolina",12293,6248,6045,1135,5113,1042,5003,2177,10116,11598,3915,7683,695,11598,2001,503,8828,266,695
0500000US37139,"Pasquotank County, North Carolina",40240,19760,20480,5434,14326,5002,15478,10436,29804,37623,10710,26913,2617,37623,13383,2232,20564,1444,2617
0500000US37141,"Pender County, North Carolina",59964,30294,29670,7883,22411,7013,22657,14896,45068,58786,15016,43770,1178,58786,7650,4501,43947,2688,1178
0500000US37143,"Perquimans County, North Carolina",13002,6212,6790,1254,4958,1531,5259,2785,10217,12897,3738,9159,105,12897,2916,372,9185,424,105
0500000US37145,"Person County, North Carolina",38999,18894,20105,4610,14284,4557,15548,9167,29832,38639,12290,26349,360,38639,9999,1811,25452,1377,360
0500000US37147,"Pitt County, North Carolina",170600,80552,90048,22588,57964,22319,67729,44907,125693,163607,60796,102811,6993,163607,58191,10908,86802,7706,6993
0500000US37149,"Polk County, North Carolina",19413,9147,10266,1578,7569,1841,8425,3419,15994,19159,4819,14340,254,19159,859,1171,16543,586,254
0500000US37151,"Randolph County, North Carolina",143735,71270,72465,18356,52914,17447,55018,35803,107932,142034,49046,92988,1701,142034,8148,17228,110931,5727,1701
0500000US37153,"Richmond County, North Carolina",43301,21124,22177,5726,15398,5299,16878,11025,32276,42020,18465,23555,1281,42020,13268,2940,23543,2269,1281
0500000US37155,"Robeson County, North Carolina",118836,57513,61323,17302,40211,16667,44656,33969,84867,115360,56825,58535,3476,115360,25861,10458,26918,52123,3476
0500000US37157,"Rockingham County, North Carolina",90903,44044,46859,10414,33630,10033,36826,20447,70456,89247,32000,57247,1656,89247,15934,5736,64318,3259,1656
0500000US37159,"Rowan County, North Carolina",145784,72298,73486,18539,53759,17768,55718,36307,109477,141890,49689,92201,3894,141890,21887,13627,101676,4700,3894
0500000US37161,"Rutherford County, North Carolina",64592,31359,33233,7732,23627,7007,26226,14739,49853,63462,24596,38866,1130,63462,5656,3074,52411,2321,1130
0500000US37163,"Sampson County, North Carolina",59468,29389,30079,8234,21155,7715,22364,15949,43519,58611,24380,34231,857,58611,14689,12088,29421,2413,857
0500000US37165,"Scotland County, North Carolina",34345,16982,17363,4417,12565,4384,12979,8801,25544,32322,15416,16906,2023,32322,12421,994,13496,5411,2023
0500000US37167,"Stanly County, North Carolina",62148,31440,30708,8076,23364,6946,23762,15022,47126,60334,17221,43113,1814,60334,6709,2656,48730,2239,1814
0500000US37169,"Stokes County, North Carolina",44588,21812,22776,4661,17151,4633,18143,9294,35294,43927,13091,30836,661,43927,1663,1514,39734,1016,661
0500000US37171,"Surry County, North Carolina",71439,34919,36520,8387,26532,8354,28166,16741,54698,70495,26045,44450,944,70495,2678,8028,58427,1362,944
0500000US37173,"Swain County, North Carolina",14166,6858,7308,1778,5080,1853,5455,3631,10535,13984,5337,8647,182,13984,97,891,8313,4683,182
0500000US37175,"Transylvania County, North Carolina",32979,16000,16979,3152,12848,2821,14158,5973,27006,31984,9372,22612,995,31984,1252,1085,28946,701,995
0500000US37177,"Tyrrell County, North Carolina",3436,1937,1499,250,1687,264,1235,514,2922,2685,899,1786,751,2685,848,131,1640,66,751
0500000US37179,"Union County, North Carolina",235699,116780,118919,35968,80812,34360,84559,70328,165371,232675,44043,188632,3024,232675,26308,27011,164207,15149,3024
0500000US37181,"Vance County, North Carolina",42650,19989,22661,5735,14254,5524,17137,11259,31391,42205,17995,24210,445,42205,20222,3513,16190,2280,445
0500000US37183,"Wake County, North Carolina",1112883,544184,568699,150987,393197,145294,423405,296281,816602,1091838,207017,884821,21045,1091838,216128,113541,641443,120726,21045
0500000US37185,"Warren County, North Carolina",18889,9394,9495,2333,7061,1925,7570,4258,14631,18144,7694,10450,745,18144,8871,720,6880,1673,745
0500000US37187,"Washington County, North Carolina",11183,5524,5659,1600,3924,1172,4487,2772,8411,11043,5202,5841,140,11043,5422,639,4739,243,140
0500000US37189,"Watauga County, North Carolina",54077,26710,27367,5755,20955,7183,20184,12938,41139,48383,18012,30371,5694,48383,613,1705,44679,1386,5694
0500000US37191,"Wayne County, North Carolina",117692,57965,59727,15905,42060,15030,44697,30935,86757,114982,41772,73210,2710,114982,35052,14395,60027,5508,2710
0500000US37193,"Wilkes County, North Carolina",66335,33111,33224,7743,25368,7201,26023,14944,51391,65205,23738,41467,1130,65205,2393,4307,56820,1685,1130
0500000US37195,"Wilson County, North Carolina",78844,37482,41362,10463,27019,9995,31367,20458,58386,77448,31732,45716,1396,77448,30759,8491,35576,2622,1396
0500000US37197,"Yadkin County, North Carolina",37198,18636,18562,4603,14033,3868,14694,8471,28727,36876,11723,25153,322,36876,1208,4198,30835,635,322
0500000US37199,"Yancey County, North Carolina",18357,9079,9278,1989,7090,1723,7555,3712,14645,18223,6820,11403,134,18223,86,986,16829,322,134
0500000US38001,"Adams County, North Dakota",2237,1149,1088,312,837,267,821,579,1658,2177,569,1608,60,2177,38,50,2003,86,60
0500000US38003,"Barnes County, North Dakota",10869,5495,5374,1184,4311,1367,4007,2551,8318,10372,2239,8133,497,10372,166,225,9327,654,497
0500000US38005,"Benson County, North Dakota",6090,3107,2983,1236,1871,1124,1859,2360,3730,6042,2869,3173,48,6042,10,231,2289,3512,48
0500000US38007,"Billings County, North Dakota",839,440,399,109,331,111,288,220,619,833,110,723,6,833,0,0,833,0,6
0500000US38009,"Bottineau County, North Dakota",6442,3361,3081,892,2469,779,2302,1671,4771,6135,1083,5052,307,6135,0,147,5548,440,307
0500000US38011,"Bowman County, North Dakota",3024,1522,1502,419,1103,399,1103,818,2206,2953,484,2469,71,2953,0,170,2706,77,71
0500000US38013,"Burke County, North Dakota",2177,1167,1010,385,782,232,778,617,1560,2163,304,1859,14,2163,15,24,2006,118,14
0500000US38015,"Burleigh County, North Dakota",97895,49092,48803,13118,35974,12812,35991,25930,71965,94818,15250,79568,3077,94818,2118,2518,82468,7714,3077
0500000US38017,"Cass County, North Dakota",182992,92649,90343,24212,68437,23421,66922,47633,135359,178634,38534,140100,4358,178634,11076,5210,149529,12819,4358
0500000US38019,"Cavalier County, North Dakota",3725,1952,1773,527,1425,399,1374,926,2799,3631,828,2803,94,3631,0,12,3401,218,94
0500000US38021,"Dickey County, North Dakota",5013,2510,2503,723,1787,737,1766,1460,3553,4818,1068,3750,195,4818,23,164,4457,174,195
0500000US38023,"Divide County, North Dakota",2196,1111,1085,238,873,301,784,539,1657,2126,412,1714,70,2126,73,108,1845,100,70
0500000US38025,"Dunn County, North Dakota",4054,2195,1859,537,1658,489,1370,1026,3028,4001,733,3268,53,4001,30,221,3136,614,53
0500000US38027,"Eddy County, North Dakota",2378,1245,1133,321,924,235,898,556,1822,2271,731,1540,107,2271,0,70,2060,141,107
0500000US38029,"Emmons County, North Dakota",3316,1678,1638,328,1350,345,1293,673,2643,3264,778,2486,52,3264,5,43,3166,50,52
0500000US38031,"Foster County, North Dakota",3396,1703,1693,378,1325,466,1227,844,2552,3308,660,2648,88,3308,9,18,3135,146,88
0500000US38033,"Golden Valley County, North Dakota",1812,852,960,152,700,252,708,404,1408,1751,266,1485,61,1751,0,91,1536,124,61
0500000US38035,"Grand Forks County, North Dakota",73101,37951,35150,9978,27973,9033,26117,19011,54090,68829,20640,48189,4272,68829,2848,3023,56874,6084,4272
0500000US38037,"Grant County, North Dakota",2351,1227,1124,286,941,262,862,548,1803,2311,643,1668,40,2311,1,28,2172,110,40
0500000US38039,"Griggs County, North Dakota",2242,1107,1135,238,869,252,883,490,1752,2157,407,1750,85,2157,0,29,2093,35,85
0500000US38041,"Hettinger County, North Dakota",2502,1162,1340,229,933,303,1037,532,1970,2338,569,1769,164,2338,5,41,2208,84,164
0500000US38043,"Kidder County, North Dakota",2397,1323,1074,366,957,286,788,652,1745,2325,798,1527,72,2325,11,107,2176,31,72
0500000US38045,"LaMoure County, North Dakota",4173,2181,1992,598,1583,424,1568,1022,3151,4087,972,3115,86,4087,20,76,3904,87,86
0500000US38047,"Logan County, North Dakota",1814,908,906,170,738,240,666,410,1404,1749,552,1197,65,1749,1,46,1666,36,65
0500000US38049,"McHenry County, North Dakota",5420,2793,2627,695,2098,674,1953,1369,4051,5331,1164,4167,89,5331,32,115,5068,116,89
0500000US38051,"McIntosh County, North Dakota",2568,1274,1294,305,969,214,1080,519,2049,2472,608,1864,96,2472,16,58,2335,63,96
0500000US38053,"McKenzie County, North Dakota",13762,7427,6335,2484,4943,2130,4205,4614,9148,13569,3934,9635,193,13569,261,1358,10227,1723,193
0500000US38055,"McLean County, North Dakota",9788,5047,4741,1265,3782,1092,3649,2357,7431,9690,1640,8050,98,9690,60,259,8466,905,98
0500000US38057,"Mercer County, North Dakota",8405,4308,4097,1059,3249,1072,3025,2131,6274,8190,1914,6276,215,8190,16,227,7454,493,215
0500000US38059,"Morton County, North Dakota",32916,16569,16347,4332,12237,3930,12417,8262,24654,32314,6367,25947,602,32314,382,1294,28621,2017,602
0500000US38061,"Mountrail County, North Dakota",9717,5248,4469,1626,3622,1469,3000,3095,6622,9649,2819,6830,68,9649,171,829,5470,3179,68
0500000US38063,"Nelson County, North Dakota",3035,1503,1532,319,1184,363,1169,682,2353,2946,770,2176,89,2946,11,118,2700,117,89
0500000US38065,"Oliver County, North Dakota",1850,981,869,271,710,223,646,494,1356,1850,428,1422,0,1850,0,55,1699,96,0
0500000US38067,"Pembina County, North Dakota",6912,3597,3315,864,2733,816,2499,1680,5232,6695,1486,5209,217,6695,37,242,6069,347,217
0500000US38069,"Pierce County, North Dakota",4038,2037,2001,467,1570,521,1480,988,3050,3885,983,2902,153,3885,0,45,3614,226,153
0500000US38071,"Ramsey County, North Dakota",11638,5874,5764,1679,4195,1479,4285,3158,8480,11174,2982,8192,464,11174,62,295,9141,1676,464
0500000US38073,"Ransom County, North Dakota",5679,2929,2750,783,2146,667,2083,1450,4229,5527,1186,4341,152,5527,51,27,5162,287,152
0500000US38075,"Renville County, North Dakota",2328,1225,1103,363,862,307,796,670,1658,2264,347,1917,64,2264,0,68,2171,25,64
0500000US38077,"Richland County, North Dakota",16546,8535,8011,2390,6145,2150,5861,4540,12006,15458,4057,11401,1088,15458,80,575,13868,935,1088
0500000US38079,"Rolette County, North Dakota",12508,6173,6335,2349,3824,2304,4031,4653,7855,12237,5786,6451,271,12237,83,276,1949,9929,271
0500000US38081,"Sargent County, North Dakota",3839,2082,1757,454,1628,416,1341,870,2969,3794,462,3332,45,3794,84,122,3464,124,45
0500000US38083,"Sheridan County, North Dakota",1328,682,646,112,570,122,524,234,1094,1317,195,1122,11,1317,0,0,1267,50,11
0500000US38085,"Sioux County, North Dakota",3993,1995,1998,812,1183,797,1201,1609,2384,3929,2424,1505,64,3929,7,38,397,3487,64
0500000US38087,"Slope County, North Dakota",775,420,355,77,343,89,266,166,609,775,138,637,0,775,0,1,746,28,0
0500000US38089,"Stark County, North Dakota",32710,17072,15638,5101,11971,4429,11209,9530,23180,31965,7260,24705,745,31965,696,1744,27780,1745,745
0500000US38091,"Steele County, North Dakota",1870,994,876,230,764,214,662,444,1426,1870,360,1510,0,1870,7,75,1769,19,0
0500000US38093,"Stutsman County, North Dakota",21678,11079,10599,2571,8508,2532,8067,5103,16575,20125,5424,14701,1553,20125,223,509,18586,807,1553
0500000US38095,"Towner County, North Dakota",2190,1111,1079,263,848,230,849,493,1697,2136,704,1432,54,2136,10,75,1841,210,54
0500000US38097,"Traill County, North Dakota",8008,4093,3915,1063,3030,1000,2915,2063,5945,7630,1399,6231,378,7630,42,266,6994,328,378
0500000US38099,"Walsh County, North Dakota",10631,5459,5172,1468,3991,1205,3967,2673,7958,10440,2715,7725,191,10440,69,1274,8692,405,191
0500000US38101,"Ward County, North Dakota",69686,36540,33146,9590,26950,9124,24022,18714,50972,67463,13591,53872,2223,67463,2753,4374,55159,5177,2223
0500000US38103,"Wells County, North Dakota",4031,1941,2090,438,1503,503,1587,941,3090,3958,876,3082,73,3958,0,79,3806,73,73
0500000US38105,"Williams County, North Dakota",38460,21018,17442,6580,14438,5498,11944,12078,26382,37947,7649,30298,513,37947,1820,3448,29227,3452,513
0500000US39001,"Adams County, Ohio",27564,13800,13764,3807,9993,3528,10236,7335,20229,27121,10801,16320,443,27121,114,292,26012,703,443
0500000US39003,"Allen County, Ohio",102462,52050,50412,14273,37777,12803,37609,27076,75386,98199,29030,69169,4263,98199,10368,3418,78767,5646,4263
0500000US39005,"Ashland County, Ohio",52658,25951,26707,6950,19001,6737,19970,13687,38971,50519,15232,35287,2139,50519,381,769,48129,1240,2139
0500000US39007,"Ashtabula County, Ohio",97869,49483,48386,12075,37408,11646,36740,23721,74148,94675,35790,58885,3194,94675,2624,4291,84450,3310,3194
0500000US39009,"Athens County, Ohio",62933,31292,31641,7904,23388,8064,23577,15968,46965,53889,22186,31703,9044,53889,882,874,48890,3243,9044
0500000US39011,"Auglaize County, Ohio",46282,22905,23377,6137,16768,6094,17283,12231,34051,45628,8399,37229,654,45628,307,831,43426,1064,654
0500000US39013,"Belmont County, Ohio",67077,34547,32530,7355,27192,6780,25750,14135,52942,63062,17588,45474,4015,63062,1119,646,59027,2270,4015
0500000US39015,"Brown County, Ohio",43694,21822,21872,5596,16226,5360,16512,10956,32738,42981,12635,30346,713,42981,286,521,41299,875,713
0500000US39017,"Butler County, Ohio",387830,191072,196758,53651,137421,52128,144630,105779,282051,375648,90237,285411,12182,375648,28924,18630,297217,30877,12182
0500000US39019,"Carroll County, Ohio",26866,13713,13153,3234,10479,2910,10243,6144,20722,26409,6946,19463,457,26409,204,364,25159,682,457
0500000US39021,"Champaign County, Ohio",38678,19302,19376,4952,14350,4589,14787,9541,29137,37814,8842,28972,864,37814,593,634,35145,1442,864
0500000US39023,"Clark County, Ohio",136032,66231,69801,17723,48508,16955,52846,34678,101354,132463,42300,90163,3569,132463,10513,4714,111039,6197,3569
0500000US39025,"Clermont County, Ohio",207650,102904,104746,26782,76122,25399,79347,52181,155469,205643,43444,162199,2007,205643,2640,4331,190528,8144,2007
0500000US39027,"Clinton County, Ohio",42046,20927,21119,5772,15155,5165,15954,10937,31109,40636,12604,28032,1410,40636,569,752,37840,1475,1410
0500000US39029,"Columbiana County, Ohio",102331,51714,50617,11613,40101,11629,38988,23242,79089,98693,29777,68916,3638,98693,1377,1754,92747,2815,3638
0500000US39031,"Coshocton County, Ohio",36621,18118,18503,4882,13236,4580,13923,9462,27159,36090,12656,23434,531,36090,397,419,34428,846,531
0500000US39033,"Crawford County, Ohio",41939,20774,21165,5232,15542,4830,16335,10062,31877,40935,13883,27052,1004,40935,439,733,38778,985,1004
0500000US39035,"Cuyahoga County, Ohio",1263667,606297,657370,149709,456588,143797,513573,293506,970161,1238405,385382,853023,25262,1238405,361005,78953,717951,80496,25262
0500000US39037,"Darke County, Ohio",51839,25840,25999,7029,18811,6571,19428,13600,38239,51125,14747,36378,714,51125,476,863,48931,855,714
0500000US39039,"Defiance County, Ohio",38329,19207,19122,5216,13991,4641,14481,9857,28472,37547,8650,28897,782,37547,559,3970,32242,776,782
0500000US39041,"Delaware County, Ohio",211121,105445,105676,31240,74205,29415,76261,60655,150466,208242,19264,188978,2879,208242,7044,5775,173259,22164,2879
0500000US39043,"Erie County, Ohio",75560,36917,38643,8624,28293,8438,30205,17062,58498,74425,20022,54403,1135,74425,6528,3477,60908,3512,1135
0500000US39045,"Fairfield County, Ohio",157622,79010,78612,21756,57254,20181,58431,41937,115685,154351,31702,122649,3271,154351,12006,3779,130495,8071,3271
0500000US39047,"Fayette County, Ohio",28897,14124,14773,3859,10265,3587,11186,7446,21451,28466,9362,19104,431,28466,704,648,26183,931,431
0500000US39049,"Franklin County, Ohio",1313598,644414,669184,175638,468776,169813,499371,345451,968147,1284007,360249,923758,29591,1284007,296800,75721,784293,127193,29591
0500000US39051,"Fulton County, Ohio",42709,21273,21436,5784,15489,5359,16077,11143,31566,42192,8774,33418,517,42192,108,3816,37325,943,517
0500000US39053,"Gallia County, Ohio",29369,14500,14869,3877,10623,3619,11250,7496,21873,28663,9360,19303,706,28663,532,364,26683,1084,706
0500000US39055,"Geauga County, Ohio",95408,47670,47738,12377,35293,11774,35964,24151,71257,94375,15283,79092,1033,94375,979,1544,89106,2746,1033
0500000US39057,"Greene County, Ohio",167043,82835,84208,21130,61705,20313,63895,41443,125600,158129,33821,124308,8914,158129,8136,4852,132384,12757,8914
0500000US39059,"Guernsey County, Ohio",38542,19269,19273,4930,14339,4503,14770,9433,29109,38044,12986,25058,498,38044,805,452,35615,1172,498
0500000US39061,"Hamilton County, Ohio",826790,401601,425189,109636,291965,105469,319720,215105,611685,808469,229680,578789,18321,808469,206155,29085,519564,53665,18321
0500000US39063,"Hancock County, Ohio",75139,37237,37902,9326,27911,9407,28495,18733,56406,73109,17940,55169,2030,73109,1067,4317,64598,3127,2030
0500000US39065,"Hardin County, Ohio",30738,15313,15425,4425,10888,4227,11198,8652,22086,28185,9267,18918,2553,28185,162,410,26942,671,2553
0500000US39067,"Harrison County, Ohio",14623,7171,7452,1738,5433,1648,5804,3386,11237,14280,4297,9983,343,14280,448,56,13516,260,343
0500000US39069,"Henry County, Ohio",27618,13761,13857,3616,10145,3472,10385,7088,20530,27171,6908,20263,447,27171,78,2157,24247,689,447
0500000US39071,"Highland County, Ohio",43162,21141,22021,5786,15355,5601,16420,11387,31775,42445,14560,27885,717,42445,634,567,40233,1011,717
0500000US39073,"Hocking County, Ohio",28180,14204,13976,3465,10739,3308,10668,6773,21407,27720,8707,19013,460,27720,89,293,26633,705,460
0500000US39075,"Holmes County, Ohio",44166,22268,21898,7712,14556,7274,14624,14986,29180,43371,10401,32970,795,43371,7,438,42442,484,795
0500000US39077,"Huron County, Ohio",58583,29055,29528,7888,21167,7628,21900,15516,43067,57919,16402,41517,664,57919,598,4005,51776,1540,664
0500000US39079,"Jackson County, Ohio",32531,16002,16529,4317,11685,4043,12486,8360,24171,31905,11147,20758,626,31905,212,318,30584,791,626
0500000US39081,"Jefferson County, Ohio",65620,32150,33470,7622,24528,7077,26393,14699,50921,63377,21451,41926,2243,63377,3466,926,56925,2060,2243
0500000US39083,"Knox County, Ohio",62399,30479,31920,8405,22074,8372,23548,16777,45622,58692,15804,42888,3707,58692,389,868,55666,1769,3707
0500000US39085,"Lake County, Ohio",232202,114080,118122,26595,87485,24955,93167,51550,180652,229106,44312,184794,3096,229106,10207,10842,198901,9156,3096
0500000US39087,"Lawrence County, Ohio",58570,28599,29971,7330,21269,6848,23123,14178,44392,57638,20777,36861,932,57638,798,595,54280,1965,932
0500000US39089,"Licking County, Ohio",177454,87551,89903,23804,63747,22432,67471,46236,131218,173045,37241,135804,4409,173045,7061,3583,153576,8825,4409
0500000US39091,"Logan County, Ohio",45997,23086,22911,6187,16899,5481,17430,11668,34329,45535,10902,34633,462,45535,755,853,42189,1738,462
0500000US39093,"Lorain County, Ohio",311737,154310,157427,39476,114834,37374,120053,76850,234887,302300,77094,225206,9437,302300,21911,31646,234660,14083,9437
0500000US39095,"Lucas County, Ohio",431212,209708,221504,56788,152920,54249,167255,111037,320175,421428,137537,283891,9784,421428,80014,31897,284846,24671,9784
0500000US39097,"Madison County, Ohio",43947,24155,19792,5151,19004,4697,15095,9848,34099,38754,8357,30397,5193,38754,465,824,36008,1457,5193
0500000US39099,"Mahoning County, Ohio",229044,112973,116071,26694,86279,24978,91093,51672,177372,222537,72518,150019,6507,222537,31803,14685,166759,9290,6507
0500000US39101,"Marion County, Ohio",65515,34906,30609,7920,26986,7492,23117,15412,50103,59829,20107,39722,5686,59829,1357,1466,54524,2482,5686
0500000US39103,"Medina County, Ohio",181448,90127,91321,22952,67175,21589,69732,44541,136907,179829,25819,154010,1619,179829,2231,4286,167399,5913,1619
0500000US39105,"Meigs County, Ohio",22361,11225,11136,2933,8292,2581,8555,5514,16847,22008,8421,13587,353,22008,38,240,21231,499,353
0500000US39107,"Mercer County, Ohio",42154,21424,20730,6279,15145,5730,15000,12009,30145,41379,7839,33540,775,41379,214,707,39438,1020,775
0500000US39109,"Miami County, Ohio",107899,53756,54143,14226,39530,13055,41088,27281,80618,106811,21874,84937,1088,106811,2051,2000,97756,5004,1088
0500000US39111,"Monroe County, Ohio",13514,6835,6679,1597,5238,1455,5224,3052,10462,13364,4468,8896,150,13364,81,29,12898,356,150
0500000US39113,"Montgomery County, Ohio",536136,259531,276605,68273,191258,65216,211389,133489,402647,517512,156875,360637,18624,517512,107444,16909,359145,34014,18624
0500000US39115,"Morgan County, Ohio",13955,6993,6962,1697,5296,1549,5413,3246,10709,13777,5362,8415,178,13777,472,129,12574,602,178
0500000US39117,"Morrow County, Ohio",34892,17657,17235,4548,13109,4158,13077,8706,26186,34449,8014,26435,443,34449,189,568,32948,744,443
0500000US39119,"Muskingum County, Ohio",86346,42331,44015,11102,31229,10754,33261,21856,64490,83933,26247,57686,2413,83933,2339,831,76751,4012,2413
0500000US39121,"Noble County, Ohio",14166,8365,5801,1442,6923,1368,4433,2810,11356,11870,3575,8295,2296,11870,11,46,11743,70,2296
0500000US39123,"Ottawa County, Ohio",40479,20396,20083,4293,16103,3993,16090,8286,32193,39851,7859,31992,628,39851,406,2112,36457,876,628
0500000US39125,"Paulding County, Ohio",18858,9442,9416,2490,6952,2420,6996,4910,13948,18676,5060,13616,182,18676,82,941,17059,594,182
0500000US39127,"Perry County, Ohio",35439,17855,17584,4632,13223,4463,13121,9095,26344,35059,10999,24060,380,35059,163,309,33673,914,380
0500000US39129,"Pickaway County, Ohio",58458,30865,27593,7162,23703,6888,20705,14050,44408,53970,13782,40188,4488,53970,578,654,51367,1371,4488
0500000US39131,"Pike County, Ohio",27271,13433,13838,3607,9826,3431,10407,7038,20233,26806,11643,15163,465,26806,214,194,25447,951,465
0500000US39133,"Portage County, Ohio",161897,79856,82041,18932,60924,18645,63396,37577,124320,153879,38481,115398,8018,153879,6220,2941,136232,8486,8018
0500000US39135,"Preble County, Ohio",41027,20478,20549,5322,15156,4762,15787,10084,30943,40598,9241,31357,429,40598,262,414,38861,1061,429
0500000US39137,"Putnam County, Ohio",34395,17296,17099,4908,12388,4698,12401,9606,24789,33990,5106,28884,405,33990,223,2186,31098,483,405
0500000US39139,"Richland County, Ohio",124504,63431,61073,15405,48026,14545,46528,29950,94554,117021,37339,79682,7483,117021,7442,2208,101914,5457,7483
0500000US39141,"Ross County, Ohio",77205,40553,36652,9302,31251,8772,27880,18074,59131,71389,22131,49258,5816,71389,2371,899,65325,2794,5816
0500000US39143,"Sandusky County, Ohio",59013,29516,29497,7582,21934,6896,22601,14478,44535,57935,16351,41584,1078,57935,1606,6022,48201,2106,1078
0500000US39145,"Scioto County, Ohio",74392,36782,37610,9348,27434,8829,28781,18177,56215,70905,30314,40591,3487,70905,1064,993,66719,2129,3487
0500000US39147,"Seneca County, Ohio",55166,27771,27395,7286,20485,6911,20484,14197,40969,51941,14883,37058,3225,51941,1273,2834,46630,1204,3225
0500000US39149,"Shelby County, Ohio",48307,24400,23907,6965,17435,6301,17606,13266,35041,47605,11605,36000,702,47605,876,737,43970,2022,702
0500000US39151,"Stark County, Ohio",374712,183205,191507,46388,136817,43868,147639,90256,284456,365421,101745,263676,9291,365421,26235,8042,313367,17777,9291
0500000US39153,"Summit County, Ohio",540567,263480,277087,64468,199012,62117,214970,126585,413982,531210,137931,393279,9357,531210,74698,12486,401948,42078,9357
0500000US39155,"Trumbull County, Ohio",202199,98922,103277,23409,75513,22508,80769,45917,156282,198305,67131,131174,3894,198305,14918,3764,171677,7946,3894
0500000US39157,"Tuscarawas County, Ohio",93025,46100,46925,11926,34174,11576,35349,23502,69523,91608,27215,64393,1417,91608,797,2980,86035,1796,1417
0500000US39159,"Union County, Ohio",61769,29881,31888,8473,21408,8193,23695,16666,45103,58429,6724,51705,3340,58429,935,1161,51986,4347,3340
0500000US39161,"Van Wert County, Ohio",28808,14263,14545,3740,10523,3605,10940,7345,21463,28400,6945,21455,408,28400,194,1074,26471,661,408
0500000US39163,"Vinton County, Ohio",12853,6497,6356,1582,4915,1527,4829,3109,9744,12752,4497,8255,101,12752,0,131,12273,348,101
0500000US39165,"Warren County, Ohio",239556,121453,118103,33295,88158,31118,86985,64413,175143,231645,29519,202126,7911,231645,4961,7040,198442,21202,7911
0500000US39167,"Washington County, Ohio",59942,29891,30051,7067,22824,6430,23621,13497,46445,58211,17592,40619,1731,58211,743,662,55256,1550,1731
0500000US39169,"Wayne County, Ohio",116858,58262,58596,16485,41777,15908,42688,32393,84465,112363,29875,82488,4495,112363,1167,2256,105692,3248,4495
0500000US39171,"Williams County, Ohio",37026,18452,18574,4656,13796,4565,14009,9221,27805,35879,9919,25960,1147,35879,215,1750,33145,769,1147
0500000US39173,"Wood County, Ohio",131930,65196,66734,16842,48354,17165,49569,34007,97923,125774,30079,95695,6156,125774,1953,7470,110578,5773,6156
0500000US39175,"Wyandot County, Ohio",21933,10928,11005,2837,8091,2596,8409,5433,16500,21601,5113,16488,332,21601,18,669,20441,473,332
0500000US40001,"Adair County, Oklahoma",19839,9969,9870,2997,6972,2803,7067,5800,14039,19623,9185,10438,216,19623,83,1405,7489,10646,216
0500000US40003,"Alfalfa County, Oklahoma",5744,3448,2296,649,2799,580,1716,1229,4515,4680,1148,3532,1064,4680,96,236,4132,216,1064
0500000US40005,"Atoka County, Oklahoma",14080,7475,6605,1862,5613,1581,5024,3443,10637,12843,4933,7910,1237,12843,225,493,8982,3143,1237
0500000US40007,"Beaver County, Oklahoma",5100,2569,2531,721,1848,714,1817,1435,3665,4990,1410,3580,110,4990,11,1301,3426,252,110
0500000US40009,"Beckham County, Oklahoma",22349,12340,10009,2834,9506,2849,7160,5683,16666,19169,6486,12683,3180,19169,314,3090,15158,607,3180
0500000US40011,"Blaine County, Oklahoma",8799,4863,3936,1307,3556,826,3110,2133,6666,7491,2485,5006,1308,7491,143,536,5814,998,1308
0500000US40013,"Bryan County, Oklahoma",45809,22379,23430,6139,16240,6025,17405,12164,33645,44613,17438,27175,1196,44613,849,2939,30985,9840,1196
0500000US40015,"Caddo County, Oklahoma",27253,14426,12827,3873,10553,3579,9248,7452,19801,25739,10401,15338,1514,25739,525,2780,14871,7563,1514
0500000US40017,"Canadian County, Oklahoma",151174,75299,75875,21648,53651,21042,54833,42690,108484,148638,29349,119289,2536,148638,4456,14856,110244,19082,2536
0500000US40019,"Carter County, Oklahoma",48102,23532,24570,6660,16872,6518,18052,13178,34924,47358,16103,31255,744,47358,2993,3911,32127,8327,744
0500000US40021,"Cherokee County, Oklahoma",47307,23066,24241,6170,16896,6287,17954,12457,34850,45654,18427,27227,1653,45654,313,3614,20686,21041,1653
0500000US40023,"Choctaw County, Oklahoma",14307,6894,7413,1878,5016,1938,5475,3816,10491,14053,5996,8057,254,14053,1356,697,8235,3765,254
0500000US40025,"Cimarron County, Oklahoma",2271,1146,1125,303,843,285,840,588,1683,2258,805,1453,13,2258,0,549,1581,128,13
0500000US40027,"Cleveland County, Oklahoma",292110,146252,145858,37478,108774,35857,110001,73335,218775,280542,74113,206429,11568,280542,13278,26213,196914,44137,11568
0500000US40029,"Coal County, Oklahoma",5294,2685,2609,772,1913,618,1991,1390,3904,5216,2235,2981,78,5216,19,248,3404,1545,78
0500000US40031,"Comanche County, Oklahoma",121502,63043,58459,17326,45717,15901,42558,33227,88275,112206,38527,73679,9296,112206,17076,15343,62375,17412,9296
0500000US40033,"Cotton County, Oklahoma",5603,2806,2797,790,2016,639,2158,1429,4174,5427,2023,3404,176,5427,98,481,4046,802,176
0500000US40035,"Craig County, Oklahoma",14172,7260,6912,1825,5435,1663,5249,3488,10684,13334,5713,7621,838,13334,296,466,8344,4228,838
0500000US40037,"Creek County, Oklahoma",71879,35764,36115,9645,26119,9011,27104,18656,53223,70736,21877,48859,1143,70736,1440,3270,52646,13380,1143
0500000US40039,"Custer County, Oklahoma",28564,13978,14586,3893,10085,4491,10095,8384,20180,27079,9289,17790,1485,27079,882,5291,18096,2810,1485
0500000US40041,"Delaware County, Oklahoma",40688,20121,20567,4714,15407,4467,16100,9181,31507,40155,15952,24203,533,40155,129,1608,25215,13203,533
0500000US40043,"Dewey County, Oklahoma",4548,2265,2283,730,1535,684,1599,1414,3134,4466,1407,3059,82,4466,0,342,3567,557,82
0500000US40045,"Ellis County, Oklahoma",3813,1869,1944,491,1378,517,1427,1008,2805,3756,1330,2426,57,3756,7,266,3239,244,57
0500000US40047,"Garfield County, Oklahoma",62628,31622,31006,8915,22707,8753,22253,17668,44960,60780,17458,43322,1848,60780,1161,8293,44318,7008,1848
0500000US40049,"Garvin County, Oklahoma",25949,12956,12993,3755,9201,3443,9550,7198,18751,25594,9287,16307,355,25594,495,2490,18795,3814,355
0500000US40051,"Grady County, Oklahoma",54739,27383,27356,7552,19831,6998,20358,14550,40189,53704,12859,40845,1035,53704,1054,3332,43234,6084,1035
0500000US40053,"Grant County, Oklahoma",4166,2092,2074,551,1541,572,1502,1123,3043,4058,1121,2937,108,4058,81,231,3488,258,108
0500000US40055,"Greer County, Oklahoma",5548,3204,2344,607,2597,565,1779,1172,4376,4622,1941,2681,926,4622,106,600,3566,350,926
0500000US40057,"Harmon County, Oklahoma",2540,1289,1251,350,939,306,945,656,1884,2475,905,1570,65,2475,264,776,1333,102,65
0500000US40059,"Harper County, Oklahoma",3358,1667,1691,491,1176,485,1206,976,2382,3268,1320,1948,90,3268,0,796,2341,131,90
0500000US40061,"Haskell County, Oklahoma",11711,5822,5889,1600,4222,1460,4429,3060,8651,11597,5044,6553,114,11597,77,553,7960,3007,114
0500000US40063,"Hughes County, Oklahoma",13406,7135,6271,1824,5311,1726,4545,3550,9856,12133,5190,6943,1273,12133,281,628,7694,3530,1273
0500000US40065,"Jackson County, Oklahoma",24960,12497,12463,3534,8963,3446,9017,6980,17980,24256,8084,16172,704,24256,1624,6181,14812,1639,704
0500000US40067,"Jefferson County, Oklahoma",5491,2711,2780,749,1962,805,1975,1554,3937,5361,2357,3004,130,5361,100,623,4068,570,130
0500000US40069,"Johnston County, Oklahoma",10446,5210,5236,1414,3796,1378,3858,2792,7654,10074,3938,6136,372,10074,126,582,6839,2527,372
0500000US40071,"Kay County, Oklahoma",44019,21923,22096,6196,15727,5959,16137,12155,31864,43115,16047,27068,904,43115,775,3730,31152,7458,904
0500000US40073,"Kingfisher County, Oklahoma",15272,7639,7633,2454,5185,2208,5425,4662,10610,15071,4027,11044,201,15071,47,2548,11248,1228,201
0500000US40075,"Kiowa County, Oklahoma",8518,4085,4433,996,3089,1184,3249,2180,6338,8362,3379,4983,156,8362,287,1003,6145,927,156
0500000US40077,"Latimer County, Oklahoma",9555,4867,4688,1226,3641,1185,3503,2411,7144,9239,3976,5263,316,9239,77,420,5758,2984,316
0500000US40079,"Le Flore County, Oklahoma",48436,24311,24125,6755,17556,6405,17720,13160,35276,47027,20907,26120,1409,47027,664,3474,32944,9945,1409
0500000US40081,"Lincoln County, Oklahoma",33650,16808,16842,4495,12313,4400,12442,8895,24755,33167,10521,22646,483,33167,630,1172,26959,4406,483
0500000US40083,"Logan County, Oklahoma",49005,24369,24636,6648,17721,6216,18420,12864,36141,47610,12065,35545,1395,47610,2585,3343,37391,4291,1395
0500000US40085,"Love County, Oklahoma",10105,5069,5036,1371,3698,1443,3593,2814,7291,10025,3653,6372,80,10025,232,1680,6946,1167,80
0500000US40087,"McClain County, Oklahoma",41258,20603,20655,5950,14653,5553,15102,11503,29755,41002,8949,32053,256,41002,454,3491,31870,5187,256
0500000US40089,"McCurtain County, Oklahoma",31112,15373,15739,4498,10875,4289,11450,8787,22325,30706,12773,17933,406,30706,2272,1964,18465,8005,406
0500000US40091,"McIntosh County, Oklahoma",19105,9525,9580,2183,7342,1954,7626,4137,14968,18741,7629,11112,364,18741,469,561,12471,5240,364
0500000US40093,"Major County, Oklahoma",7753,3917,3836,1180,2737,1009,2827,2189,5564,7593,2163,5430,160,7593,0,774,6367,452,160
0500000US40095,"Marshall County, Oklahoma",15361,7699,7662,2073,5626,1911,5751,3984,11377,15194,5969,9225,167,15194,216,2828,9611,2539,167
0500000US40097,"Mayes County, Oklahoma",39303,19743,19560,5299,14444,4835,14725,10134,29169,38649,13989,24660,654,38649,113,1487,24326,12723,654
0500000US40099,"Murray County, Oklahoma",13874,7081,6793,1938,5143,1653,5140,3591,10283,13436,4379,9057,438,13436,126,972,9384,2954,438
0500000US40101,"Muskogee County, Oklahoma",66881,32792,34089,9349,23443,8938,25151,18287,48594,63255,26721,36534,3626,63255,6306,4178,34239,18532,3626
0500000US40103,"Noble County, Oklahoma",11020,5447,5573,1498,3949,1509,4064,3007,8013,10810,3302,7508,210,10810,24,475,8652,1659,210
0500000US40105,"Nowata County, Oklahoma",9484,4692,4792,1206,3486,1167,3625,2373,7111,9304,3665,5639,180,9304,120,314,6035,2835,180
0500000US40107,"Okfuskee County, Oklahoma",11444,6169,5275,1483,4686,1381,3894,2864,8580,10402,5137,5265,1042,10402,596,471,6313,3022,1042
0500000US40109,"Oklahoma County, Oklahoma",790938,388861,402077,113740,275121,108515,293562,222255,568683,776733,252926,523807,14205,776733,115173,140965,424273,96322,14205
0500000US40111,"Okmulgee County, Oklahoma",37046,18445,18601,5238,13207,4739,13862,9977,27069,35448,13682,21766,1598,35448,2599,1517,21868,9464,1598
0500000US40113,"Osage County, Oklahoma",46140,23222,22918,5815,17407,5474,17444,11289,34851,44561,14039,30522,1579,44561,4645,1641,28176,10099,1579
0500000US40115,"Ottawa County, Oklahoma",30568,15076,15492,4557,10519,4188,11304,8745,21823,29521,13014,16507,1047,29521,215,1757,18714,8835,1047
0500000US40117,"Pawnee County, Oklahoma",15687,7971,7716,2207,5764,1884,5832,4091,11596,15476,5065,10411,211,15476,71,521,11671,3213,211
0500000US40119,"Payne County, Oklahoma",81817,41833,39984,10939,30894,10559,29425,21498,60319,73493,29365,44128,8324,73493,2324,3407,57003,10759,8324
0500000US40121,"Pittsburg County, Oklahoma",43836,22433,21403,5636,16797,5232,16171,10868,32968,41787,15117,26670,2049,41787,660,2315,28810,10002,2049
0500000US40123,"Pontotoc County, Oklahoma",38102,18604,19498,5336,13268,5149,14349,10485,27617,36835,11541,25294,1267,36835,907,2151,23372,10405,1267
0500000US40125,"Pottawatomie County, Oklahoma",72331,34800,37531,9872,24928,9565,27966,19437,52894,69288,21956,47332,3043,69288,1917,3733,49545,14093,3043
0500000US40127,"Pushmataha County, Oklahoma",10891,5302,5589,1355,3947,1307,4282,2662,8229,10741,4900,5841,150,10741,74,436,7441,2790,150
0500000US40129,"Roger Mills County, Oklahoma",3477,1826,1651,546,1280,390,1261,936,2541,3433,1405,2028,44,3433,0,251,2825,357,44
0500000US40131,"Rogers County, Oklahoma",94637,47301,47336,12636,34665,11888,35448,24524,70113,93059,21500,71559,1578,93059,737,4655,65460,22207,1578
0500000US40133,"Seminole County, Oklahoma",23798,11713,12085,3371,8342,3245,8840,6616,17182,23106,10902,12204,692,23106,997,1273,14564,6272,692
0500000US40135,"Sequoyah County, Oklahoma",39652,19629,20023,5351,14278,5035,14988,10386,29266,39203,17184,22019,449,39203,802,1836,23864,12701,449
0500000US40137,"Stephens County, Oklahoma",42983,21059,21924,5643,15416,5292,16632,10935,32048,42259,14651,27608,724,42259,655,3478,33442,4684,724
0500000US40139,"Texas County, Oklahoma",21448,11603,9845,3510,8093,3281,6564,6791,14657,21011,8572,12439,437,21011,1051,9917,8749,1294,437
0500000US40141,"Tillman County, Oklahoma",7070,3571,3499,981,2590,945,2554,1926,5144,6769,2926,3843,301,6769,502,1923,3922,422,301
0500000US40143,"Tulsa County, Oklahoma",664084,325740,338344,94549,231191,90016,248328,184565,479519,655011,199181,455830,9073,655011,64016,87914,395588,107493,9073
0500000US40145,"Wagoner County, Oklahoma",80509,39993,40516,10946,29047,10307,30209,21253,59256,79991,18706,61285,518,79991,2741,5482,55421,16347,518
0500000US40147,"Washington County, Oklahoma",52382,25664,26718,7192,18472,6689,20029,13881,38501,51347,16483,34864,1035,51347,1229,3293,36686,10139,1035
0500000US40149,"Washita County, Oklahoma",11014,5481,5533,1575,3906,1538,3995,3113,7901,10659,2990,7669,355,10659,134,1066,8850,609,355
0500000US40151,"Woods County, Oklahoma",8731,4629,4102,1172,3457,1139,2963,2311,6420,7880,2390,5490,851,7880,144,513,6747,476,851
0500000US40153,"Woodward County, Oklahoma",20591,11022,9569,2851,8171,2643,6926,5494,15097,19540,6232,13308,1051,19540,76,2687,15698,1079,1051
0500000US41001,"Baker County, Oregon",16539,8458,8081,1913,6545,1620,6461,3533,13006,15952,5455,10497,587,15952,70,724,14473,685,587
0500000US41003,"Benton County, Oregon",94667,47675,46992,10907,36768,10832,36160,21739,72928,89001,26639,62362,5666,89001,1020,6957,70952,10072,5666
0500000US41005,"Clackamas County, Oregon",418577,207731,210846,50845,156886,48128,162718,98973,319604,415695,69724,345971,2882,415695,3472,38056,331856,42311,2882
0500000US41007,"Clatsop County, Oregon",40720,20226,20494,4424,15802,4005,16489,8429,32291,40215,10985,29230,505,40215,335,3587,33372,2921,505
0500000US41009,"Columbia County, Oregon",52381,26374,26007,6213,20161,5863,20144,12076,40305,51819,12218,39601,562,51819,245,2946,44807,3821,562
0500000US41011,"Coos County, Oregon",64619,31847,32772,6639,25208,6638,26134,13277,51342,63524,20616,42908,1095,63524,334,4354,53519,5317,1095
0500000US41013,"Crook County, Oregon",24300,12240,12060,2717,9523,2558,9502,5275,19025,24178,6122,18056,122,24178,34,1911,21113,1120,122
0500000US41015,"Curry County, Oregon",23234,11576,11658,1773,9803,1760,9898,3533,19701,23084,7628,15456,150,23084,23,1775,19581,1705,150
0500000US41017,"Deschutes County, Oregon",194964,97086,97878,22441,74645,20362,77516,42803,152161,193647,44206,149441,1317,193647,898,16113,166811,9825,1317
0500000US41019,"Douglas County, Oregon",110680,54917,55763,12383,42534,11396,44367,23779,86901,109312,35519,73793,1368,109312,319,6724,94393,7876,1368
0500000US41021,"Gilliam County, Oregon",1954,995,959,182,813,190,769,372,1582,1933,524,1409,21,1933,0,97,1687,149,21
0500000US41023,"Grant County, Oregon",7225,3736,3489,774,2962,592,2897,1366,5859,7059,2061,4998,166,7059,0,300,6371,388,166
0500000US41025,"Harney County, Oregon",7454,3744,3710,898,2846,741,2969,1639,5815,7288,2902,4386,166,7288,49,389,6290,560,166
0500000US41027,"Hood River County, Oregon",23915,12023,11892,3086,8937,3203,8689,6289,17626,23693,5563,18130,222,23693,164,7476,14724,1329,222
0500000US41029,"Jackson County, Oregon",221662,108884,112778,25799,83085,24554,88224,50353,171309,219181,64744,154437,2481,219181,1301,29930,173838,14112,2481
0500000US41031,"Jefferson County, Oregon",24232,12545,11687,3143,9402,2981,8706,6124,18108,22968,6658,16310,1264,22968,91,4861,12975,5041,1264
0500000US41033,"Josephine County, Oregon",87686,43115,44571,9763,33352,8948,35623,18711,68975,86479,32303,54176,1207,86479,544,6841,73704,5390,1207
0500000US41035,"Klamath County, Oregon",68899,34355,34544,8474,25881,8243,26301,16717,52182,67884,26020,41864,1015,67884,470,9301,51743,6370,1015
0500000US41037,"Lake County, Oregon",8119,4378,3741,871,3507,781,2960,1652,6467,7579,2608,4971,540,7579,0,692,6306,581,540
0500000US41039,"Lane County, Oregon",380532,187943,192589,41945,145998,40313,152276,82258,298274,372681,117943,254738,7851,372681,3653,34772,301457,32799,7851
0500000US41041,"Lincoln County, Oregon",49866,24304,25562,5038,19266,4164,21398,9202,40664,49204,14970,34234,662,49204,155,4760,39843,4446,662
0500000US41043,"Linn County, Oregon",127200,63169,64031,16136,47033,15332,48699,31468,95732,124678,37294,87384,2522,124678,430,12135,104185,7928,2522
0500000US41045,"Malheur County, Oregon",31313,17348,13965,4551,12797,4306,9659,8857,22456,27562,11407,16155,3751,27562,17,10063,16795,687,3751
0500000US41047,"Marion County, Oregon",344037,172381,171656,48216,124165,45498,126158,93714,250323,334636,105224,229412,9401,334636,3412,92611,212310,26303,9401
0500000US41049,"Morrow County, Oregon",11964,6066,5898,1856,4210,1869,4029,3725,8239,11932,4324,7608,32,11932,68,4513,6894,457,32
0500000US41051,"Multnomah County, Oregon",810011,402744,407267,85160,317584,81595,325672,166755,643256,795930,201126,594804,14081,795930,42062,95866,542935,115067,14081
0500000US41053,"Polk County, Oregon",86347,42382,43965,11359,31023,11135,32830,22494,63853,84325,22130,62195,2022,84325,569,12511,64551,6694,2022
0500000US41055,"Sherman County, Oregon",1784,896,888,211,685,233,655,444,1340,1782,541,1241,2,1782,3,104,1549,126,2
0500000US41057,"Tillamook County, Oregon",27129,13592,13537,2960,10632,2672,10865,5632,21497,26458,7947,18511,671,26458,100,2756,22183,1419,671
0500000US41059,"Umatilla County, Oregon",79509,41546,37963,11245,30301,10769,27194,22014,57495,75165,24316,50849,4344,75165,483,21134,48221,5327,4344
0500000US41061,"Union County, Oregon",26255,13012,13243,3458,9554,3201,10042,6659,19596,25607,8063,17544,648,25607,190,1254,22589,1574,648
0500000US41063,"Wallowa County, Oregon",7330,3593,3737,775,2818,642,3095,1417,5913,7251,1628,5623,79,7251,66,272,6624,289,79
0500000US41065,"Wasco County, Oregon",26603,13480,13123,3446,10034,3012,10111,6458,20145,26134,8005,18129,469,26134,61,5140,19065,1868,469
0500000US41067,"Washington County, Oregon",596969,297359,299610,76375,220984,72206,227404,148581,448388,591235,103828,487407,5734,591235,13334,101568,376155,100178,5734
0500000US41069,"Wheeler County, Oregon",1477,755,722,151,604,134,588,285,1192,1460,643,817,17,1460,0,145,1208,107,17
0500000US41071,"Yamhill County, Oregon",107024,53954,53070,13994,39960,13147,39923,27141,79883,101802,24072,77730,5222,101802,438,16595,77635,7134,5222
0500000US42001,"Adams County, Pennsylvania",103782,51416,52366,12313,39103,11712,40654,24025,79757,99662,17720,81942,4120,99662,1327,7157,88454,2724,4120
0500000US42003,"Allegheny County, Pennsylvania",1246116,606541,639575,136615,469926,131556,508019,268171,977945,1214621,274200,940421,31495,1214621,152975,27028,942977,91641,31495
0500000US42005,"Armstrong County, Pennsylvania",65967,33044,32923,7205,25839,6797,26126,14002,51965,65296,17202,48094,671,65296,554,546,63115,1081,671
0500000US42007,"Beaver County, Pennsylvania",168260,82242,86018,18466,63776,17645,68373,36111,132149,165585,39065,126520,2675,165585,9737,2992,146680,6176,2675
0500000US42009,"Bedford County, Pennsylvania",47729,23777,23952,5267,18510,5078,18874,10345,37384,47081,12933,34148,648,47081,219,596,45464,802,648
0500000US42011,"Berks County, Pennsylvania",426967,211504,215463,55565,155939,53191,162272,108756,318211,414193,102819,311374,12774,414193,20937,94475,288906,9875,12774
0500000US42013,"Blair County, Pennsylvania",123132,60603,62529,14739,45864,13598,48931,28337,94795,120244,34547,85697,2888,120244,1956,1562,113009,3717,2888
0500000US42015,"Bradford County, Pennsylvania",60233,30035,30198,7425,22610,7132,23066,14557,45676,59503,17946,41557,730,59503,366,909,56708,1520,730
0500000US42017,"Bucks County, Pennsylvania",643872,318175,325697,74943,243232,70665,255032,145608,498264,634873,79603,555270,8999,634873,24305,36671,524116,49781,8999
0500000US42019,"Butler County, Pennsylvania",192561,96252,96309,22751,73501,21281,75028,44032,148529,187410,33291,154119,5151,187410,1535,3012,176422,6441,5151
0500000US42021,"Cambria County, Pennsylvania",134048,66431,67617,15214,51217,14659,52958,29873,104175,127785,36650,91135,6263,127785,4036,1980,118535,3234,6263
0500000US42023,"Cameron County, Pennsylvania",4596,2281,2315,448,1833,414,1901,862,3734,4561,1770,2791,35,4561,7,61,4281,212,35
0500000US42025,"Carbon County, Pennsylvania",64792,32319,32473,6894,25425,6764,25709,13658,51134,63568,17302,46266,1224,63568,1075,3498,57485,1510,1224
0500000US42027,"Centre County, Pennsylvania",158879,83953,74926,18069,65884,17396,57530,35465,123414,140304,40285,100019,18575,140304,2879,3526,121942,11957,18575
0500000US42029,"Chester County, Pennsylvania",531704,263604,268100,69197,194407,67001,201099,136198,395506,518825,67496,451329,12879,518825,26495,39295,406961,46074,12879
0500000US42031,"Clarion County, Pennsylvania",37571,18591,18980,4422,14169,4345,14635,8767,28804,36359,11679,24680,1212,36359,408,349,34807,795,1212
0500000US42033,"Clearfield County, Pennsylvania",80667,42840,37827,8419,34421,7789,30038,16208,64459,74757,24435,50322,5910,74757,453,1291,71670,1343,5910
0500000US42035,"Clinton County, Pennsylvania",37824,18864,18960,4702,14162,4489,14471,9191,28633,36235,11106,25129,1589,36235,350,575,34510,800,1589
0500000US42037,"Columbia County, Pennsylvania",65013,31581,33432,7395,24186,7298,26134,14693,50320,60912,17565,43347,4101,60912,726,1881,56542,1763,4101
0500000US42039,"Crawford County, Pennsylvania",84495,41494,43001,10214,31280,9878,33123,20092,64403,80833,25987,54846,3662,80833,714,941,77004,2174,3662
0500000US42041,"Cumberland County, Pennsylvania",257333,128367,128966,31026,97341,29863,99103,60889,196444,243950,42828,201122,13383,243950,8570,10209,206890,18281,13383
0500000US42043,"Dauphin County, Pennsylvania",284199,138772,145427,36169,102603,34376,111051,70545,213654,279554,68979,210575,4645,279554,53285,28151,178541,19577,4645
0500000US42045,"Delaware County, Pennsylvania",573883,277813,296070,74339,203474,70789,225281,145128,428755,553285,114028,439257,20598,553285,120576,22295,360251,50163,20598
0500000US42047,"Elk County, Pennsylvania",31037,15813,15224,3434,12379,3234,11990,6668,24369,30634,7162,23472,403,30634,165,246,29532,691,403
0500000US42049,"Erie County, Pennsylvania",271903,135031,136872,34241,100790,32685,104187,66926,204977,258780,81486,177294,13123,258780,16488,11896,216372,14024,13123
0500000US42051,"Fayette County, Pennsylvania",129443,64634,64809,14189,50445,13426,51383,27615,101828,124503,39830,84673,4940,124503,4279,1519,114200,4505,4940
0500000US42053,"Forest County, Pennsylvania",7121,4838,2283,407,4431,208,2075,615,6506,4289,1430,2859,2832,4289,0,97,3915,277,2832
0500000US42055,"Franklin County, Pennsylvania",155592,76683,78909,19799,56884,18812,60097,38611,116981,153466,37169,116297,2126,153466,5517,9579,133199,5171,2126
0500000US42057,"Fulton County, Pennsylvania",14529,7418,7111,1634,5784,1558,5553,3192,11337,14478,3837,10641,51,14478,185,188,13770,335,51
0500000US42059,"Greene County, Pennsylvania",36248,19019,17229,4212,14807,3927,13302,8139,28109,32746,8722,24024,3502,32746,128,312,31333,973,3502
0500000US42061,"Huntingdon County, Pennsylvania",44458,23939,20519,4702,19237,4701,15818,9403,35055,38963,11195,27768,5495,38963,305,533,37054,1071,5495
0500000US42063,"Indiana County, Pennsylvania",83620,41960,41660,9883,32077,9782,31878,19665,63955,78184,23666,54518,5436,78184,783,792,73987,2622,5436
0500000US42065,"Jefferson County, Pennsylvania",44491,22300,22191,5431,16869,5105,17086,10536,33955,43655,14640,29015,836,43655,152,410,42199,894,836
0500000US42067,"Juniata County, Pennsylvania",23607,11769,11838,2862,8907,2975,8863,5837,17770,23339,6199,17140,268,23339,269,951,21772,347,268
0500000US42069,"Lackawanna County, Pennsylvania",215529,105327,110202,26006,79321,24525,85677,50531,164998,207975,56853,151122,7554,207975,5215,17888,172938,11934,7554
0500000US42071,"Lancaster County, Pennsylvania",550480,271142,279338,74279,196863,70601,208737,144880,405600,538672,113385,425287,11808,538672,21109,60014,434818,22731,11808
0500000US42073,"Lawrence County, Pennsylvania",86311,41971,44340,9704,32267,9787,34553,19491,66820,84136,24791,59345,2175,84136,2902,1341,76665,3228,2175
0500000US42075,"Lebanon County, Pennsylvania",142486,70403,72083,18560,51843,17698,54385,36258,106228,138899,34180,104719,3587,138899,2846,19921,111478,4654,3587
0500000US42077,"Lehigh County, Pennsylvania",372492,183345,189147,48927,134418,46391,142756,95318,277174,363394,94510,268884,9098,363394,26153,97003,223705,16533,9098
0500000US42079,"Luzerne County, Pennsylvania",324825,161716,163109,37527,124189,36002,127107,73529,251296,313228,93763,219465,11597,313228,14371,44280,248187,6390,11597
0500000US42081,"Lycoming County, Pennsylvania",114274,56271,58003,13811,42460,13075,44928,26886,87388,107625,30761,76864,6649,107625,4730,2218,96456,4221,6649
0500000US42083,"McKean County, Pennsylvania",40652,21174,19478,4902,16272,4433,15045,9335,31317,37803,12265,25538,2849,37803,103,574,36055,1071,2849
0500000US42085,"Mercer County, Pennsylvania",111216,55310,55906,13120,42190,11821,44085,24941,86275,104210,29910,74300,7006,104210,5527,1281,94154,3248,7006
0500000US42087,"Mifflin County, Pennsylvania",46156,22723,23433,5735,16988,5602,17831,11337,34819,45425,14448,30977,731,45425,267,774,43269,1115,731
0500000US42089,"Monroe County, Pennsylvania",168128,83776,84352,19655,64121,19075,65277,38730,129398,165844,39835,126009,2284,165844,23367,28857,105168,8452,2284
0500000US42091,"Montgomery County, Pennsylvania",850890,416645,434245,104230,312415,100099,334146,204329,646561,829578,110177,719401,21312,829578,72237,45458,618674,93209,21312
0500000US42093,"Montour County, Pennsylvania",18198,8883,9315,2236,6647,1920,7395,4156,14042,17346,3983,13363,852,17346,149,470,15877,850,852
0500000US42095,"Northampton County, Pennsylvania",311359,154087,157272,37583,116504,34961,122311,72544,238815,300063,60222,239841,11296,300063,17402,43162,225114,14385,11296
0500000US42097,"Northumberland County, Pennsylvania",91853,46597,45256,10357,36240,9597,35659,19954,71899,88023,26694,61329,3830,88023,743,3344,81938,1998,3830
0500000US42099,"Perry County, Pennsylvania",45879,23358,22521,5709,17649,5065,17456,10774,35105,45259,9874,35385,620,45259,332,966,42812,1149,620
0500000US42101,"Philadelphia County, Pennsylvania",1596865,759619,837246,199391,560228,193528,643718,392919,1203946,1554202,620343,933859,42663,1554202,638546,242005,519435,154216,42663
0500000US42103,"Pike County, Pennsylvania",58345,29783,28562,6275,23508,5319,23243,11594,46751,57946,12840,45106,399,57946,3656,6686,45633,1971,399
0500000US42105,"Potter County, Pennsylvania",16478,8245,8233,1905,6340,1819,6414,3724,12754,16227,5082,11145,251,16227,60,235,15564,368,251
0500000US42107,"Schuylkill County, Pennsylvania",143308,73926,69382,16173,57753,15185,54197,31358,111950,135952,39231,96721,7356,135952,1163,6775,125148,2866,7356
0500000US42109,"Snyder County, Pennsylvania",39877,19921,19956,5223,14698,4940,15016,10163,29714,37434,9308,28126,2443,37434,148,758,35880,648,2443
0500000US42111,"Somerset County, Pennsylvania",74331,39016,35315,7716,31300,7150,28165,14866,59465,69162,18290,50872,5169,69162,94,795,66578,1695,5169
0500000US42113,"Sullivan County, Pennsylvania",5935,3130,2805,450,2680,327,2478,777,5158,5730,1589,4141,205,5730,193,109,5326,102,205
0500000US42115,"Susquehanna County, Pennsylvania",38892,19594,19298,4085,15509,4033,15265,8118,30774,38415,10641,27774,477,38415,199,678,36814,724,477
0500000US42117,"Tioga County, Pennsylvania",41089,20586,20503,4915,15671,4439,16064,9354,31735,40613,12752,27861,476,40613,273,496,39045,799,476
0500000US42119,"Union County, Pennsylvania",43094,23858,19236,5359,18499,4771,14465,10130,32964,34501,8282,26219,8593,34501,435,1370,31830,866,8593
0500000US42121,"Venango County, Pennsylvania",50810,25265,25545,5575,19690,5225,20320,10800,40010,49672,14963,34709,1138,49672,458,498,47304,1412,1138
0500000US42123,"Warren County, Pennsylvania",38791,19565,19226,4327,15238,4018,15208,8345,30446,38151,10703,27448,640,38151,243,428,36405,1075,640
0500000US42125,"Washington County, Pennsylvania",209090,103313,105777,23650,79663,22892,82885,46542,162548,203921,41282,162639,5169,203921,6260,3667,186679,7315,5169
0500000US42127,"Wayne County, Pennsylvania",51244,27476,23768,4968,22508,4470,19298,9438,41806,47474,12061,35413,3770,47474,259,1946,43967,1302,3770
0500000US42129,"Westmoreland County, Pennsylvania",355107,174986,180121,37660,137326,35690,144431,73350,281757,347950,74731,273219,7157,347950,7681,4507,323909,11853,7157
0500000US42131,"Wyoming County, Pennsylvania",26389,13355,13034,3068,10287,2795,10239,5863,20526,25520,5862,19658,869,25520,106,485,24323,606,869
0500000US42133,"York County, Pennsylvania",454605,225948,228657,57589,168359,54256,174401,111845,342760,445469,91457,354012,9136,445469,25999,36306,364905,18259,9136
0500000US44001,"Bristol County, Rhode Island",50672,24574,26098,5970,18604,6310,19788,12280,38392,46778,5882,40896,3894,46778,507,1562,42322,2387,3894
0500000US44003,"Kent County, Rhode Island",169345,82525,86820,17923,64602,17123,69697,35046,134299,167921,29664,138257,1424,167921,3330,9650,145633,9308,1424
0500000US44005,"Newport County, Rhode Island",85525,42359,43166,8436,33923,8284,34882,16720,68805,81471,13447,68024,4054,81471,3403,4729,69098,4241,4054
0500000US44007,"Providence County, Rhode Island",656672,321795,334877,80039,241756,77089,257788,157128,499544,630220,174114,456106,26452,630220,57438,154022,371378,47382,26452
0500000US44009,"Washington County, Rhode Island",129735,63030,66705,13743,49287,13990,52715,27733,102002,123924,19019,104905,5811,123924,1073,3869,112778,6204,5811
0500000US45001,"Abbeville County, South Carolina",24374,11760,12614,2971,8789,2804,9810,5775,18599,23678,8346,15332,696,23678,6362,403,16183,730,696
0500000US45003,"Aiken County, South Carolina",168045,81289,86756,20391,60898,19900,66856,40291,127754,165389,49072,116317,2656,165389,40773,10012,108074,6530,2656
0500000US45005,"Allendale County, South Carolina",8304,4491,3813,1237,3254,739,3074,1976,6328,7400,3959,3441,904,7400,5678,240,1414,68,904
0500000US45007,"Anderson County, South Carolina",202223,97903,104320,25938,71965,25236,79084,51174,151049,199597,63077,136520,2626,199597,30805,8137,152914,7741,2626
0500000US45009,"Bamberg County, South Carolina",13525,6506,7019,2056,4450,1521,5498,3577,9948,12809,4946,7863,716,12809,7718,264,4669,158,716
0500000US45011,"Barnwell County, South Carolina",20801,10137,10664,2897,7240,2729,7935,5626,15175,20509,10010,10499,292,20509,9530,545,10363,71,292
0500000US45013,"Beaufort County, South Carolina",186007,91573,94434,20748,70825,18759,75675,39507,146500,180969,41943,139026,5038,180969,30473,19907,123503,7086,5038
0500000US45015,"Berkeley County, South Carolina",224806,112085,112721,31118,80967,28492,84229,59610,165196,220922,58708,162214,3884,220922,52240,15450,138127,15105,3884
0500000US45017,"Calhoun County, South Carolina",14198,7001,7197,1616,5385,1314,5883,2930,11268,13983,4500,9483,215,13983,5523,563,7613,284,215
0500000US45019,"Charleston County, South Carolina",404946,196777,208169,45808,150969,44292,163877,90100,314846,394290,99303,294987,10656,394290,100400,20761,256189,16940,10656
0500000US45021,"Cherokee County, South Carolina",56204,27345,28859,7390,19955,7149,21710,14539,41665,55365,21899,33466,839,55365,10818,2644,39677,2226,839
0500000US45023,"Chester County, South Carolina",32273,15727,16546,4304,11423,3874,12672,8178,24095,32055,13177,18878,218,32055,11850,713,18616,876,218
0500000US45025,"Chesterfield County, South Carolina",43655,21332,22323,5463,15869,4975,17348,10438,33217,43131,16698,26433,524,43131,13455,2023,25729,1924,524
0500000US45027,"Clarendon County, South Carolina",31613,15616,15997,3546,12070,3212,12785,6758,24855,30338,11641,18697,1275,30338,13876,997,14698,767,1275
0500000US45029,"Colleton County, South Carolina",38520,18448,20072,4408,14040,4934,15138,9342,29178,37548,16114,21434,972,37548,13602,1398,20816,1732,972
0500000US45031,"Darlington County, South Carolina",63433,30165,33268,8068,22097,7715,25553,15783,47650,62308,26224,36084,1125,62308,25856,1385,33689,1378,1125
0500000US45033,"Dillon County, South Carolina",28527,13546,14981,4002,9544,3838,11143,7840,20687,28103,14319,13784,424,28103,13393,830,12595,1285,424
0500000US45035,"Dorchester County, South Carolina",160180,78394,81786,21849,56545,21059,60727,42908,117272,157586,38248,119338,2594,157586,39006,9197,99588,9795,2594
0500000US45037,"Edgefield County, South Carolina",25938,13953,11985,2828,11125,2550,9435,5378,20560,23683,8546,15137,2255,23683,7726,1332,13979,646,2255
0500000US45039,"Fairfield County, South Carolina",21186,10164,11022,2448,7716,2198,8824,4646,16540,20970,8470,12500,216,20970,12006,507,8018,439,216
0500000US45041,"Florence County, South Carolina",137276,64585,72691,18261,46324,17672,55019,35933,101343,134265,47301,86964,3011,134265,57278,3887,68168,4932,3011
0500000US45043,"Georgetown County, South Carolina",62992,30073,32919,6575,23498,5970,26949,12545,50447,62420,19113,43307,572,62420,19104,2005,40500,811,572
0500000US45045,"Greenville County, South Carolina",519178,253137,266041,67815,185322,65199,200842,133014,386164,507454,126532,380922,11724,507454,86992,49486,341597,29379,11724
0500000US45047,"Greenwood County, South Carolina",69338,32522,36816,8691,23831,9005,27811,17696,51642,66816,25164,41652,2522,66816,21255,4316,39457,1788,2522
0500000US45049,"Hampton County, South Carolina",19227,9892,9335,2465,7427,2267,7068,4732,14495,18169,8597,9572,1058,18169,9557,642,7541,429,1058
0500000US45051,"Horry County, South Carolina",344865,167119,177746,35431,131688,33989,143757,69420,275445,339455,105786,233669,5410,339455,42251,21147,261868,14189,5410
0500000US45053,"Jasper County, South Carolina",28363,14162,14201,3353,10809,2996,11205,6349,22014,27435,10572,16863,928,27435,10545,3788,12384,718,928
0500000US45055,"Kershaw County, South Carolina",64989,31840,33149,8524,23316,7855,25294,16379,48610,64770,19469,45301,219,64770,15129,3204,44015,2422,219
0500000US45057,"Lancaster County, South Carolina",94653,46178,48475,11265,34913,10797,37678,22062,72591,92421,24962,67459,2232,92421,18163,5587,64877,3794,2232
0500000US45059,"Laurens County, South Carolina",67148,32931,34217,8902,24029,7880,26337,16782,50366,65125,24391,40734,2023,65125,14812,3528,43822,2963,2023
0500000US45061,"Lee County, South Carolina",16730,8629,8101,1896,6733,1718,6383,3614,13116,15382,7876,7506,1348,15382,9714,364,5013,291,1348
0500000US45063,"Lexington County, South Carolina",291723,142762,148961,37803,104959,36074,112887,73877,217846,288748,77661,211087,2975,288748,42453,18227,212523,15545,2975
0500000US45065,"McCormick County, South Carolina",9584,5265,4319,696,4569,503,3816,1199,8385,8526,2512,6014,1058,8526,3598,53,4607,268,1058
0500000US45067,"Marion County, South Carolina",29585,13518,16067,3687,9831,3947,12120,7634,21951,29184,15000,14184,401,29184,16665,778,11159,582,401
0500000US45069,"Marlboro County, South Carolina",26912,14201,12711,3223,10978,2796,9915,6019,20893,24395,11699,12696,2517,24395,11940,644,9825,1986,2517
0500000US45071,"Newberry County, South Carolina",37842,18501,19341,4652,13849,4767,14574,9419,28423,36757,12690,24067,1085,36757,11169,2936,22150,502,1085
0500000US45073,"Oconee County, South Carolina",77932,38481,39451,8706,29775,8487,30964,17193,60739,77146,24662,52484,786,77146,5335,4428,64960,2423,786
0500000US45075,"Orangeburg County, South Carolina",84909,39784,45125,10802,28982,10725,34400,21527,63382,82106,36880,45226,2803,82106,50440,1962,27579,2125,2803
0500000US45077,"Pickens County, South Carolina",129617,64979,64638,16774,48205,15209,49429,31983,97634,122863,41200,81663,6754,122863,7433,4963,104923,5544,6754
0500000US45079,"Richland County, South Carolina",414719,200618,214101,56718,143900,53625,160476,110343,304376,385883,122217,263666,28836,385883,187194,19163,156128,23398,28836
0500000US45081,"Saluda County, South Carolina",19008,9732,9276,2672,7060,2020,7256,4692,14316,18745,7662,11083,263,18745,4602,2892,10963,288,263
0500000US45083,"Spartanburg County, South Carolina",322864,157598,165266,42736,114862,41432,123834,84168,238696,315476,97085,218391,7388,315476,62852,23362,212935,16327,7388
0500000US45085,"Sumter County, South Carolina",105537,51429,54108,14625,36804,13462,40646,28087,77450,103127,38709,64418,2410,103127,47545,4339,45821,5422,2410
0500000US45087,"Union County, South Carolina",27306,12937,14369,3230,9707,3244,11125,6474,20832,26900,11047,15853,406,26900,8035,478,17257,1130,406
0500000US45089,"Williamsburg County, South Carolina",31279,14880,16399,3541,11339,3643,12756,7184,24095,29747,13068,16679,1532,29747,19201,434,9525,587,1532
0500000US45091,"York County, South Carolina",276569,134094,142475,37485,96609,36557,105918,74042,202527,272168,58781,213387,4401,272168,50930,16459,188610,16169,4401
0500000US46003,"Aurora County, South Dakota",2649,1425,1224,412,1013,366,858,778,1871,2514,564,1950,135,2514,7,159,2293,55,135
0500000US46005,"Beadle County, South Dakota",18959,9568,9391,2729,6839,2807,6584,5536,13423,18688,5689,12999,271,18688,177,2123,13916,2472,271
0500000US46007,"Bennett County, South Dakota",3411,1642,1769,630,1012,812,957,1442,1969,3338,1870,1468,73,3338,5,261,1078,1994,73
0500000US46009,"Bon Homme County, South Dakota",7020,4214,2806,726,3488,696,2110,1422,5598,5520,1661,3859,1500,5520,35,55,5185,245,1500
0500000US46011,"Brookings County, South Dakota",34315,17523,16792,4940,12583,5132,11660,10072,24243,30769,8116,22653,3546,30769,400,1149,27377,1843,3546
0500000US46013,"Brown County, South Dakota",38471,19051,19420,4957,14094,5196,14224,10153,28318,37447,8502,28945,1024,37447,944,1291,32050,3162,1024
0500000US46015,"Brule County, South Dakota",5247,2659,2588,823,1836,691,1897,1514,3733,5087,1566,3521,160,5087,60,68,4214,745,160
0500000US46017,"Buffalo County, South Dakota",1974,1026,948,445,581,386,562,831,1143,1957,1210,747,17,1957,0,146,273,1538,17
0500000US46019,"Butte County, South Dakota",10167,5067,5100,1416,3651,1385,3715,2801,7366,9990,3249,6741,177,9990,43,415,8916,616,177
0500000US46021,"Campbell County, South Dakota",1548,828,720,272,556,157,563,429,1119,1542,411,1131,6,1542,0,66,1461,15,6
0500000US46023,"Charles Mix County, South Dakota",9346,4684,4662,1564,3120,1492,3170,3056,6290,9043,3844,5199,303,9043,5,373,5466,3199,303
0500000US46025,"Clark County, South Dakota",3791,1921,1870,613,1308,567,1303,1180,2611,3709,1049,2660,82,3709,21,132,3481,75,82
0500000US46027,"Clay County, South Dakota",14816,7303,7513,2456,4847,2304,5209,4760,10056,12418,4654,7764,2398,12418,233,400,10571,1214,2398
0500000US46029,"Codington County, South Dakota",28289,14272,14017,3778,10494,3722,10295,7500,20789,27911,7132,20779,378,27911,261,907,25373,1370,378
0500000US46031,"Corson County, South Dakota",3965,1972,1993,793,1179,799,1194,1592,2373,3943,2360,1583,22,3943,3,18,1064,2858,22
0500000US46033,"Custer County, South Dakota",8360,4164,4196,745,3419,706,3490,1451,6909,8186,2129,6057,174,8186,70,345,7272,499,174
0500000US46035,"Davison County, South Dakota",19944,9861,10083,2563,7298,2679,7404,5242,14702,19010,5818,13192,934,19010,133,717,17184,976,934
0500000US46037,"Day County, South Dakota",5487,2800,2687,696,2104,695,1992,1391,4096,5373,1673,3700,114,5373,4,135,4584,650,114
0500000US46039,"Deuel County, South Dakota",4283,2218,2065,600,1618,498,1567,1098,3185,4237,872,3365,46,4237,0,155,4057,25,46
0500000US46041,"Dewey County, South Dakota",5343,2694,2649,1103,1591,1028,1621,2131,3212,5287,2764,2523,56,5287,11,224,956,4096,56
0500000US46043,"Douglas County, South Dakota",2838,1404,1434,395,1009,405,1029,800,2038,2740,644,2096,98,2740,42,39,2566,93,98
0500000US46045,"Edmunds County, South Dakota",4005,2104,1901,613,1491,446,1455,1059,2946,3887,785,3102,118,3887,11,77,3695,104,118
0500000US46047,"Fall River County, South Dakota",6979,3647,3332,889,2758,534,2798,1423,5556,6777,2442,4335,202,6777,0,110,5682,985,202
0500000US46049,"Faulk County, South Dakota",2157,1003,1154,233,770,369,785,602,1555,2104,601,1503,53,2104,0,20,2025,59,53
0500000US46051,"Grant County, South Dakota",7550,3985,3565,990,2995,825,2740,1815,5735,7467,1634,5833,83,7467,22,364,6886,195,83
0500000US46053,"Gregory County, South Dakota",4004,2095,1909,625,1470,450,1459,1075,2929,3958,1384,2574,46,3958,50,66,3433,409,46
0500000US46055,"Haakon County, South Dakota",1868,824,1044,250,574,280,764,530,1338,1833,670,1163,35,1833,0,0,1725,108,35
0500000US46057,"Hamlin County, South Dakota",6127,3170,2957,1128,2042,1030,1927,2158,3969,5959,1395,4564,168,5959,15,312,5492,140,168
0500000US46059,"Hand County, South Dakota",3061,1576,1485,338,1238,369,1116,707,2354,3010,698,2312,51,3010,6,136,2793,75,51
0500000US46061,"Hanson County, South Dakota",3429,1731,1698,560,1171,593,1105,1153,2276,3424,645,2779,5,3424,0,1,3305,118,5
0500000US46063,"Harding County, South Dakota",1179,648,531,142,506,104,427,246,933,1164,234,930,15,1164,0,14,1046,104,15
0500000US46065,"Hughes County, South Dakota",17829,8791,9038,2450,6341,2140,6898,4590,13239,16702,3402,13300,1127,16702,7,502,13952,2241,1127
0500000US46067,"Hutchinson County, South Dakota",7412,3675,3737,1069,2606,1033,2704,2102,5310,7230,1794,5436,182,7230,0,192,6627,411,182
0500000US46069,"Hyde County, South Dakota",1381,712,669,183,529,150,519,333,1048,1346,254,1092,35,1346,24,48,1230,44,35
0500000US46071,"Jackson County, South Dakota",2868,1410,1458,509,901,468,990,977,1891,2779,1755,1024,89,2779,10,12,949,1808,89
0500000US46073,"Jerauld County, South Dakota",1811,890,921,250,640,187,734,437,1374,1774,319,1455,37,1774,0,127,1566,81,37
0500000US46075,"Jones County, South Dakota",916,408,508,83,325,150,358,233,683,916,249,667,0,916,12,0,739,165,0
0500000US46077,"Kingsbury County, South Dakota",5131,2617,2514,666,1951,663,1851,1329,3802,5048,858,4190,83,5048,0,136,4763,149,83
0500000US46079,"Lake County, South Dakota",11358,5884,5474,1384,4500,1365,4109,2749,8609,10857,2806,8051,501,10857,22,271,10073,491,501
0500000US46081,"Lawrence County, South Dakota",25687,12736,12951,2717,10019,2830,10121,5547,20140,24756,7030,17726,931,24756,213,857,22373,1313,931
0500000US46083,"Lincoln County, South Dakota",63233,31231,32002,9639,21592,9119,22883,18758,44475,62556,7429,55127,677,62556,1382,1543,57340,2291,677
0500000US46085,"Lyman County, South Dakota",3746,1992,1754,652,1340,554,1200,1206,2540,3711,1674,2037,35,3711,0,41,2010,1660,35
0500000US46087,"McCook County, South Dakota",5676,2931,2745,894,2037,792,1953,1686,3990,5529,1009,4520,147,5529,5,224,5157,143,147
0500000US46089,"McPherson County, South Dakota",2245,1088,1157,193,895,307,850,500,1745,2158,574,1584,87,2158,30,10,2067,51,87
0500000US46091,"Marshall County, South Dakota",4373,2282,2091,573,1709,570,1521,1143,3230,4287,791,3496,86,4287,4,372,3507,404,86
0500000US46093,"Meade County, South Dakota",29561,15355,14206,3863,11492,3614,10592,7477,22084,28761,6445,22316,800,28761,384,1193,25167,2017,800
0500000US46095,"Mellette County, South Dakota",1916,942,974,285,657,313,661,598,1318,1845,1159,686,71,1845,0,5,665,1175,71
0500000US46097,"Miner County, South Dakota",2293,1143,1150,262,881,268,882,530,1763,2241,556,1685,52,2241,2,54,2088,97,52
0500000US46099,"Minnehaha County, South Dakota",194884,98866,96018,27824,71042,26487,69531,54311,140573,189439,43233,146206,5445,189439,11625,10076,153865,13873,5445
0500000US46101,"Moody County, South Dakota",6335,3242,3093,963,2279,834,2259,1797,4538,6228,1365,4863,107,6228,55,291,4697,1185,107
0500000US46102,"Oglala Lakota County, South Dakota",13835,6775,7060,2864,3911,2702,4358,5566,8269,13744,9461,4283,91,13744,0,540,555,12649,91
0500000US46103,"Pennington County, South Dakota",108707,55209,53498,14532,40677,13276,40222,27808,80899,105761,26961,78800,2946,105761,1290,5915,83345,15211,2946
0500000US46105,"Perkins County, South Dakota",2977,1510,1467,368,1142,389,1078,757,2220,2938,862,2076,39,2938,0,16,2759,163,39
0500000US46107,"Potter County, South Dakota",2613,1285,1328,342,943,300,1028,642,1971,2528,585,1943,85,2528,4,26,2296,202,85
0500000US46109,"Roberts County, South Dakota",10254,5194,5060,1600,3594,1496,3564,3096,7158,10041,3890,6151,213,10041,41,395,5485,4120,213
0500000US46111,"Sanborn County, South Dakota",2371,1239,1132,357,882,308,824,665,1706,2317,494,1823,54,2317,0,94,2184,39,54
0500000US46115,"Spink County, South Dakota",6408,3301,3107,890,2411,738,2369,1628,4780,6284,1262,5022,124,6284,105,215,5804,160,124
0500000US46117,"Stanley County, South Dakota",2963,1740,1223,444,1296,274,949,718,2245,2947,341,2606,16,2947,17,148,2556,226,16
0500000US46119,"Sully County, South Dakota",1279,729,550,149,580,104,446,253,1026,1273,204,1069,6,1273,9,20,1198,46,6
0500000US46121,"Todd County, South Dakota",9434,4661,4773,2179,2482,2022,2751,4201,5233,9269,7117,2152,165,9269,1,150,634,8484,165
0500000US46123,"Tripp County, South Dakota",5615,2839,2776,754,2085,752,2024,1506,4109,5375,2012,3363,240,5375,34,40,4387,914,240
0500000US46125,"Turner County, South Dakota",8621,4334,4287,1171,3163,1134,3153,2305,6316,8445,2043,6402,176,8445,45,199,8012,189,176
0500000US46127,"Union County, South Dakota",16424,8377,8047,2320,6057,2097,5950,4417,12007,16248,2858,13390,176,16248,64,619,14685,880,176
0500000US46129,"Walworth County, South Dakota",5355,2598,2757,630,1968,700,2057,1330,4025,5279,1407,3872,76,5279,196,105,4148,830,76
0500000US46135,"Yankton County, South Dakota",23213,12162,11051,2775,9387,2735,8316,5510,17703,21798,4608,17190,1415,21798,184,1056,19424,1134,1415
0500000US46137,"Ziebach County, South Dakota",2479,1234,1245,365,869,414,831,779,1700,2473,1522,951,6,2473,0,132,567,1774,6
0500000US47001,"Anderson County, Tennessee",76683,37595,39088,9136,28459,8820,30268,17956,58727,75048,23620,51428,1635,75048,2302,2411,66250,4085,1635
0500000US47003,"Bedford County, Tennessee",49754,24976,24778,7194,17782,6424,18354,13618,36136,49114,16791,32323,640,49114,3148,6514,37376,2076,640
0500000US47005,"Benton County, Tennessee",15872,7740,8132,1825,5915,1822,6310,3647,12225,15727,6282,9445,145,15727,319,378,14436,594,145
0500000US47007,"Bledsoe County, Tennessee",14863,8971,5892,1361,7610,1106,4786,2467,12396,13584,5515,8069,1279,13584,664,394,12243,283,1279
0500000US47009,"Blount County, Tennessee",134042,65371,68671,15368,50003,15019,53652,30387,103655,131991,31777,100214,2051,131991,3076,4833,119200,4882,2051
0500000US47011,"Bradley County, Tennessee",107845,52731,55114,13669,39062,13254,41860,26923,80922,104257,32533,71724,3588,104257,5163,6956,88084,4054,3588
0500000US47013,"Campbell County, Tennessee",39388,19490,19898,4550,14940,4343,15555,8893,30495,38374,15145,23229,1014,38374,78,618,36968,710,1014
0500000US47015,"Cannon County, Tennessee",14309,7129,7180,1750,5379,1598,5582,3348,10961,14153,4205,9948,156,14153,336,363,13213,241,156
0500000US47017,"Carroll County, Tennessee",28370,14096,14274,3738,10358,3328,10946,7066,21304,27451,9436,18015,919,27451,2261,841,23192,1157,919
0500000US47019,"Carter County, Tennessee",56314,27636,28678,5763,21873,5623,23055,11386,44928,54602,20895,33707,1712,54602,947,1082,51670,903,1712
0500000US47021,"Cheatham County, Tennessee",40878,20580,20298,5226,15354,4633,15665,9859,31019,40439,9466,30973,439,40439,541,1476,36828,1594,439
0500000US47023,"Chester County, Tennessee",17278,8343,8935,2199,6144,2402,6533,4601,12677,15917,5599,10318,1361,15917,1716,461,13363,377,1361
0500000US47025,"Claiborne County, Tennessee",31958,15804,16154,3582,12222,3307,12847,6889,25069,30515,12156,18359,1443,30515,128,381,29226,780,1443
0500000US47027,"Clay County, Tennessee",7568,3647,3921,777,2870,906,3015,1683,5885,7483,3307,4176,85,7483,133,129,7069,152,85
0500000US47029,"Cocke County, Tennessee",35896,17585,18311,4179,13406,3919,14392,8098,27798,35338,15334,20004,558,35338,678,958,32790,912,558
0500000US47031,"Coffee County, Tennessee",57227,28243,28984,7757,20486,7406,21578,15163,42064,56559,18173,38386,668,56559,2119,2795,49449,2196,668
0500000US47033,"Crockett County, Tennessee",14012,6851,7161,1933,4918,1852,5309,3785,10227,13811,4992,8819,201,13811,1809,1569,10025,408,201
0500000US47035,"Cumberland County, Tennessee",60568,29646,30922,5912,23734,5594,25328,11506,49062,59846,20528,39318,722,59846,480,1895,56296,1175,722
0500000US47037,"Davidson County, Tennessee",708490,342506,365984,83837,258669,82009,283975,165846,542644,686677,195442,491235,21813,686677,181779,71519,384034,49345,21813
0500000US47039,"Decatur County, Tennessee",11460,5599,5861,1406,4193,1234,4627,2640,8820,11251,4259,6992,209,11251,280,392,10303,276,209
0500000US47041,"DeKalb County, Tennessee",19875,10177,9698,2590,7587,2104,7594,4694,15181,19474,8440,11034,401,19474,316,1619,17052,487,401
0500000US47043,"Dickson County, Tennessee",54000,26549,27451,6915,19634,6513,20938,13428,40572,53405,13632,39773,595,53405,1859,2077,47559,1910,595
0500000US47045,"Dyer County, Tennessee",36975,17838,19137,5017,12821,4850,14287,9867,27108,36384,12645,23739,591,36384,4739,1337,28753,1555,591
0500000US47047,"Fayette County, Tennessee",41584,20644,20940,4486,16158,4096,16844,8582,33002,40972,10587,30385,612,40972,11124,1225,27535,1088,612
0500000US47049,"Fentress County, Tennessee",18385,9238,9147,2200,7038,2046,7101,4246,14139,17930,7330,10600,455,17930,16,320,17216,378,455
0500000US47051,"Franklin County, Tennessee",42528,20927,21601,5259,15668,4914,16687,10173,32355,40138,13467,26671,2390,40138,1966,1438,35326,1408,2390
0500000US47053,"Gibson County, Tennessee",50278,24216,26062,6640,17576,6653,19409,13293,36985,49162,17582,31580,1116,49162,7910,1447,37481,2324,1116
0500000US47055,"Giles County, Tennessee",30197,14876,15321,3749,11127,3552,11769,7301,22896,29316,9149,20167,881,29316,2996,871,24434,1015,881
0500000US47057,"Grainger County, Tennessee",23377,11621,11756,2712,8909,2434,9322,5146,18231,23202,8785,14417,175,23202,67,825,21694,616,175
0500000US47059,"Greene County, Tennessee",69926,34325,35601,7791,26534,7473,28128,15264,54662,67848,24696,43152,2078,67848,964,2097,63213,1574,2078
0500000US47061,"Grundy County, Tennessee",13471,6676,6795,1703,4973,1529,5266,3232,10239,13256,4966,8290,215,13256,11,204,11762,1279,215
0500000US47063,"Hamblen County, Tennessee",64184,31659,32525,8419,23240,8005,24520,16424,47760,62817,23959,38858,1367,62817,2244,7589,50855,2129,1367
0500000US47065,"Hamilton County, Tennessee",363790,176550,187240,43486,133064,42107,145133,85593,278197,353144,94641,258503,10646,353144,65726,21391,248123,17904,10646
0500000US47067,"Hancock County, Tennessee",6695,3340,3355,799,2541,722,2633,1521,5174,6445,3287,3158,250,6445,2,96,6278,69,250
0500000US47069,"Hardeman County, Tennessee",25612,14216,11396,2756,11460,2596,8800,5352,20260,21664,9508,12156,3948,21664,8776,276,11871,741,3948
0500000US47071,"Hardin County, Tennessee",26722,12924,13798,3066,9858,2914,10884,5980,20742,26231,10067,16164,491,26231,987,678,23959,607,491
0500000US47073,"Hawkins County, Tennessee",56803,27935,28868,6354,21581,6117,22751,12471,44332,55939,19824,36115,864,55939,733,918,52952,1336,864
0500000US47075,"Haywood County, Tennessee",17912,8524,9388,2426,6098,2088,7300,4514,13398,17683,7453,10230,229,17683,8913,786,7666,318,229
0500000US47077,"Henderson County, Tennessee",27800,13696,14104,3719,9977,3289,10815,7008,20792,27232,10408,16824,568,27232,2181,622,23737,692,568
0500000US47079,"Henry County, Tennessee",32298,15474,16824,3506,11968,3756,13068,7262,25036,31714,12269,19445,584,31714,2339,823,27513,1039,584
0500000US47081,"Hickman County, Tennessee",24848,13063,11785,3012,10051,2688,9097,5700,19148,23022,7549,15473,1826,23022,330,612,21322,758,1826
0500000US47083,"Houston County, Tennessee",8238,4132,4106,1208,2924,850,3256,2058,6180,7951,2939,5012,287,7951,278,165,7274,234,287
0500000US47085,"Humphreys County, Tennessee",18956,9395,9561,2384,7011,2272,7289,4656,14300,18397,6319,12078,559,18397,180,499,17048,670,559
0500000US47087,"Jackson County, Tennessee",11626,5883,5743,1223,4660,1087,4656,2310,9316,11381,3995,7386,245,11381,23,239,10754,365,245
0500000US47089,"Jefferson County, Tennessee",54358,26812,27546,6141,20671,6022,21524,12163,42195,52501,16820,35681,1857,52501,745,2015,48044,1697,1857
0500000US47091,"Johnson County, Tennessee",17912,9684,8228,1768,7916,1584,6644,3352,14560,15786,6811,8975,2126,15786,70,351,15062,303,2126
0500000US47093,"Knox County, Tennessee",475286,232277,243009,58890,173387,55960,187049,114850,360436,464114,125601,338513,11172,464114,38655,21321,378678,25460,11172
0500000US47095,"Lake County, Tennessee",7187,4609,2578,562,4047,543,2035,1105,6082,4568,2073,2495,2619,4568,768,101,3470,229,2619
0500000US47097,"Lauderdale County, Tennessee",25406,13124,12282,3207,9917,3080,9202,6287,19119,22837,9510,13327,2569,22837,7600,634,13715,888,2569
0500000US47099,"Lawrence County, Tennessee",43967,21580,22387,6251,15329,5832,16555,12083,31884,43316,16795,26521,651,43316,595,1085,40228,1408,651
0500000US47101,"Lewis County, Tennessee",12485,6089,6396,1623,4466,1528,4868,3151,9334,12238,4997,7241,247,12238,129,308,11315,486,247
0500000US47103,"Lincoln County, Tennessee",35042,17355,17687,4501,12854,4044,13643,8545,26497,34436,9467,24969,606,34436,2169,1320,29557,1390,606
0500000US47105,"Loudon County, Tennessee",54349,26680,27669,5980,20700,5606,22063,11586,42763,53907,13714,40193,442,53907,731,5016,46770,1390,442
0500000US47107,"McMinn County, Tennessee",53065,25880,27185,6268,19612,6371,20814,12639,40426,51482,18472,33010,1583,51482,1863,2222,45356,2041,1583
0500000US47109,"McNairy County, Tennessee",25916,12739,13177,3221,9518,2967,10210,6188,19728,25502,10049,15453,414,25502,1497,617,22755,633,414
0500000US47111,"Macon County, Tennessee",24954,12139,12815,3288,8851,3467,9348,6755,18199,24563,9277,15286,391,24563,104,1322,22362,775,391
0500000US47113,"Madison County, Tennessee",98373,46639,51734,12719,33920,12899,38835,25618,72755,94554,32172,62382,3819,94554,34999,3908,51852,3795,3819
0500000US47115,"Marion County, Tennessee",28679,14184,14495,3356,10828,3296,11199,6652,22027,28308,8627,19681,371,28308,892,572,25842,1002,371
0500000US47117,"Marshall County, Tennessee",33909,16752,17157,4755,11997,4179,12978,8934,24975,33317,11067,22250,592,33317,1681,1955,28218,1463,592
0500000US47119,"Maury County, Tennessee",99011,48216,50795,12999,35217,12156,38639,25155,73856,97757,23020,74737,1254,97757,10911,6272,76672,3902,1254
0500000US47121,"Meigs County, Tennessee",12622,6187,6435,1313,4874,1455,4980,2768,9854,12412,4218,8194,210,12412,312,297,11272,531,210
0500000US47123,"Monroe County, Tennessee",46041,22846,23195,5583,17263,5240,17955,10823,35218,44617,15714,28903,1424,44617,944,2018,39917,1738,1424
0500000US47125,"Montgomery County, Tennessee",216172,108001,108171,32776,75225,31138,77033,63914,152258,211555,57603,153952,4617,211555,41821,22071,130843,16820,4617
0500000US47127,"Moore County, Tennessee",6481,3221,3260,734,2487,672,2588,1406,5075,6387,1847,4540,94,6387,90,10,5929,358,94
0500000US47129,"Morgan County, Tennessee",21158,11612,9546,2271,9341,2180,7366,4451,16707,18442,7073,11369,2716,18442,9,208,17906,319,2716
0500000US47131,"Obion County, Tennessee",30722,14886,15836,3766,11120,3649,12187,7415,23307,30194,11488,18706,528,30194,3249,1477,24314,1154,528
0500000US47133,"Overton County, Tennessee",22364,11147,11217,2816,8331,2530,8687,5346,17018,22042,8206,13836,322,22042,137,372,21106,427,322
0500000US47135,"Perry County, Tennessee",8313,4135,4178,1118,3017,1013,3165,2131,6182,8147,2866,5281,166,8147,27,78,7435,607,166
0500000US47137,"Pickett County, Tennessee",5021,2459,2562,442,2017,581,1981,1023,3998,4955,1960,2995,66,4955,0,138,4766,51,66
0500000US47139,"Polk County, Tennessee",17502,8839,8663,1883,6956,1835,6828,3718,13784,17146,5199,11947,356,17146,83,381,15800,882,356
0500000US47141,"Putnam County, Tennessee",78955,39112,39843,9924,29188,9762,30081,19686,59269,75476,27338,48138,3479,75476,1610,5073,66118,2675,3479
0500000US47143,"Rhea County, Tennessee",32723,16311,16412,4270,12041,3981,12431,8251,24472,31802,11780,20022,921,31802,570,1705,28116,1411,921
0500000US47145,"Roane County, Tennessee",53313,26073,27240,5671,20402,5483,21757,11154,42159,52669,15830,36839,644,52669,1481,1093,48675,1420,644
0500000US47147,"Robertson County, Tennessee",72309,35943,36366,9706,26237,9164,27202,18870,53439,71395,18050,53345,914,71395,4912,5268,58667,2548,914
0500000US47149,"Rutherford County, Tennessee",335595,165520,170075,47703,117817,45754,124321,93457,242138,330068,74163,255905,5527,330068,49760,29017,226611,24680,5527
0500000US47151,"Scott County, Tennessee",21855,10941,10914,3042,7899,2736,8178,5778,16077,21279,10484,10795,576,21279,32,114,20674,459,576
0500000US47153,"Sequatchie County, Tennessee",15727,8057,7670,1912,6145,1570,6100,3482,12245,15479,6491,8988,248,15479,38,588,14417,436,248
0500000US47155,"Sevier County, Tennessee",98088,48265,49823,11778,36487,10684,39139,22462,75626,96379,31654,64725,1709,96379,940,6476,85724,3239,1709
0500000US47157,"Shelby County, Tennessee",929178,442789,486389,130345,312444,126583,359806,256928,672250,912114,321511,590603,17064,912114,490314,59742,318528,43530,17064
0500000US47159,"Smith County, Tennessee",19820,9951,9869,2571,7380,2348,7521,4919,14901,19624,6238,13386,196,19624,437,589,17814,784,196
0500000US47161,"Stewart County, Tennessee",13569,6699,6870,1633,5066,1566,5304,3199,10370,13275,3595,9680,294,13275,39,462,12156,618,294
0500000US47163,"Sullivan County, Tennessee",157843,77232,80611,17331,59901,16367,64244,33698,124145,155374,51636,103738,2469,155374,2820,3244,144478,4832,2469
0500000US47165,"Sumner County, Tennessee",193036,94742,98294,25652,69090,24207,74087,49859,143177,190939,40403,150536,2097,190939,15188,10414,156481,8856,2097
0500000US47167,"Tipton County, Tennessee",60868,30031,30837,8475,21556,8033,22804,16508,44360,59951,16879,43072,917,59951,10900,1703,45112,2236,917
0500000US47169,"Trousdale County, Tennessee",11463,7118,4345,2047,5071,923,3422,2970,8493,9300,2380,6920,2163,9300,434,262,8250,354,2163
0500000US47171,"Unicoi County, Tennessee",17891,9114,8777,1728,7386,1593,7184,3321,14570,17473,6430,11043,418,17473,60,965,16068,380,418
0500000US47173,"Union County, Tennessee",19597,9672,9925,2339,7333,2347,7578,4686,14911,19309,6880,12429,288,19309,82,358,18484,385,288
0500000US47175,"Van Buren County, Tennessee",6083,3094,2989,629,2465,654,2335,1283,4800,5963,2343,3620,120,5963,0,65,5687,211,120
0500000US47177,"Warren County, Tennessee",40801,20468,20333,5506,14962,4972,15361,10478,30323,40246,15639,24607,555,40246,1142,3816,34078,1210,555
0500000US47179,"Washington County, Tennessee",132067,64924,67143,15151,49773,14412,52731,29563,102504,127292,39772,87520,4775,127292,4879,4819,111981,5613,4775
0500000US47181,"Wayne County, Tennessee",16350,9069,7281,1658,7411,1440,5841,3098,13252,14326,5218,9108,2024,14326,331,236,13396,363,2024
0500000US47183,"Weakley County, Tennessee",32948,16306,16642,4147,12159,3793,12849,7940,25008,30615,11720,18895,2333,30615,2137,871,26671,936,2333
0500000US47185,"White County, Tennessee",27134,13191,13943,3422,9769,3131,10812,6553,20581,26722,10528,16194,412,26722,474,702,24851,695,412
0500000US47187,"Williamson County, Tennessee",242386,119474,122912,36670,82804,34800,88112,71470,170916,241355,23446,217909,1031,241355,9598,12060,201041,18656,1031
0500000US47189,"Wilson County, Tennessee",144748,71494,73254,19488,52006,18319,54935,37807,106941,142560,26538,116022,2188,142560,9533,6796,118419,7812,2188
0500000US48001,"Anderson County, Texas",58133,36008,22125,6389,29619,5653,16472,12042,46091,45320,16822,28498,12813,45320,7394,6962,29134,1830,12813
0500000US48003,"Andrews County, Texas",18184,9054,9130,3027,6027,2975,6155,6002,12182,18110,5049,13061,74,18110,389,10425,7020,276,74
0500000US48005,"Angelina County, Texas",86584,42550,44034,12303,30247,12155,31879,24458,62126,84085,33195,50890,2499,84085,11362,19071,50443,3209,2499
0500000US48007,"Aransas County, Texas",24149,12467,11682,3014,9453,1817,9865,4831,19318,23779,9361,14418,370,23779,1,6796,15773,1209,370
0500000US48009,"Archer County, Texas",8616,4343,4273,1112,3231,1032,3241,2144,6472,8557,2142,6415,59,8557,36,720,7508,293,59
0500000US48011,"Armstrong County, Texas",1980,915,1065,226,689,319,746,545,1435,1926,383,1543,54,1926,0,167,1711,48,54
0500000US48013,"Atascosa County, Texas",48684,24332,24352,7432,16900,7071,17281,14503,34181,47821,14507,33314,863,47821,168,31208,15288,1157,863
0500000US48015,"Austin County, Texas",30132,15195,14937,4285,10910,3710,11227,7995,22137,29849,8457,21392,283,29849,2646,8358,18069,776,283
0500000US48017,"Bailey County, Texas",6968,3466,3502,1002,2464,1164,2338,2166,4802,6778,1813,4965,190,6778,8,4564,2098,108,190
0500000US48019,"Bandera County, Texas",20839,10386,10453,2011,8375,1966,8487,3977,16862,20453,5007,15446,386,20453,201,4028,15443,781,386
0500000US48021,"Bastrop County, Texas",94887,48496,46391,13671,34825,13025,33366,26696,68191,92660,23998,68662,2227,92660,6713,36977,46006,2964,2227
0500000US48023,"Baylor County, Texas",3491,1664,1827,465,1199,366,1461,831,2660,3388,1182,2206,103,3388,102,474,2563,249,103
0500000US48025,"Bee County, Texas",31191,19233,11958,3718,15515,3602,8356,7320,23871,23484,9189,14295,7707,23484,360,15332,7740,52,7707
0500000US48027,"Bell County, Texas",364703,182153,182550,57274,124879,54744,127806,112018,252685,352000,115939,236061,12703,352000,84270,91147,153689,22894,12703
0500000US48029,"Bexar County, Texas",1990522,987300,1003222,290151,697149,277632,725590,567783,1422739,1955990,623311,1332679,34532,1955990,146640,1197189,515234,96927,34532
0500000US48031,"Blanco County, Texas",11313,5634,5679,1173,4461,1063,4616,2236,9077,11129,2330,8799,184,11129,1,2258,8310,560,184
0500000US48033,"Borden County, Texas",550,241,309,62,179,130,179,192,358,550,115,435,0,550,0,65,460,25,0
0500000US48035,"Bosque County, Texas",18275,9012,9263,2331,6681,2077,7186,4408,13867,17958,5172,12786,317,17958,318,3519,13611,510,317
0500000US48037,"Bowie County, Texas",92957,47186,45771,12573,34613,11605,34166,24178,68779,87323,28336,58987,5634,87323,21498,6077,55982,3766,5634
0500000US48039,"Brazoria County, Texas",368575,186930,181645,54528,132402,51687,129958,106215,262360,356337,68148,288189,12238,356337,51031,112633,160996,31677,12238
0500000US48041,"Brazos County, Texas",231095,116695,114400,32199,84496,31182,83218,63381,167714,215076,82858,132218,16019,215076,23750,56728,117580,17018,16019
0500000US48043,"Brewster County, Texas",9501,4595,4906,705,3890,1196,3710,1901,7600,9279,2532,6747,222,9279,15,4176,4654,434,222
0500000US48045,"Briscoe County, Texas",1266,751,515,123,628,99,416,222,1044,1256,651,605,10,1256,31,461,677,87,10
0500000US48047,"Brooks County, Texas",7100,3438,3662,809,2629,1024,2638,1833,5267,6493,3415,3078,607,6493,117,5977,448,-49,607
0500000US48049,"Brown County, Texas",38085,18972,19113,4742,14230,4602,14511,9344,28741,36412,12331,24081,1673,36412,1163,8352,25750,1147,1673
0500000US48051,"Burleson County, Texas",17687,8795,8892,2257,6538,2077,6815,4334,13353,17457,3882,13575,230,17457,2267,3724,11143,323,230
0500000US48053,"Burnet County, Texas",48424,23970,24454,5959,18011,5359,19095,11318,37106,47488,11909,35579,936,47488,578,10599,34634,1677,936
0500000US48055,"Caldwell County, Texas",45286,22942,22344,6459,16483,5825,16519,12284,33002,43082,14850,28232,2204,43082,1917,23672,16300,1193,2204
0500000US48057,"Calhoun County, Texas",20367,10486,9881,2820,7666,2646,7235,5466,14901,20101,5947,14154,266,20101,519,10038,8156,1388,266
0500000US48059,"Callahan County, Texas",13781,6869,6912,1831,5038,1589,5323,3420,10361,13647,3607,10040,134,13647,128,1360,11566,593,134
0500000US48061,"Cameron County, Texas",420554,206131,214423,72074,134057,69006,145417,141080,279474,417979,205742,212237,2575,417979,2529,376477,35413,3560,2575
0500000US48063,"Camp County, Texas",12498,6032,6466,1929,4103,1661,4805,3590,8908,12425,4844,7581,73,12425,1948,3268,6706,503,73
0500000US48065,"Carson County, Texas",5856,2899,2957,826,2073,786,2171,1612,4244,5827,1138,4689,29,5827,56,615,4948,208,29
0500000US48067,"Cass County, Texas",28692,13773,14919,3631,10142,3550,11369,7181,21511,28340,10877,17463,352,28340,4899,1395,21471,575,352
0500000US48069,"Castro County, Texas",7450,3752,3698,1164,2588,1254,2444,2418,5032,7386,3042,4344,64,7386,74,4861,2256,195,64
0500000US48071,"Chambers County, Texas",45257,22708,22549,7101,15607,6812,15737,13913,31344,44886,10201,34685,371,44886,3408,10837,29165,1476,371
0500000US48073,"Cherokee County, Texas",50564,26009,24555,7536,18473,6695,17860,14231,36333,47422,17619,29803,3142,47422,5771,11361,28723,1567,3142
0500000US48075,"Childress County, Texas",6784,4332,2452,629,3703,652,1800,1281,5503,5217,1680,3537,1567,5217,162,1709,3196,150,1567
0500000US48077,"Clay County, Texas",10236,5139,5097,1178,3961,1089,4008,2267,7969,10159,2487,7672,77,10159,32,690,8978,459,77
0500000US48079,"Cochran County, Texas",2553,1301,1252,373,928,399,853,772,1781,2525,1304,1221,28,2525,140,1519,864,2,28
0500000US48081,"Coke County, Texas",3288,1553,1735,445,1108,402,1333,847,2441,3166,1002,2164,122,3166,2,710,2370,84,122
0500000US48083,"Coleman County, Texas",7848,3976,3872,921,3055,892,2980,1813,6035,7753,2498,5255,95,7753,206,1409,5867,271,95
0500000US48085,"Collin County, Texas",1039812,515290,524522,150657,364633,144016,380506,294673,745139,1033776,153751,880025,6036,1033776,104049,160745,559204,209778,6036
0500000US48087,"Collingsworth County, Texas",2948,1472,1476,483,989,359,1117,842,2106,2887,1371,1516,61,2887,270,918,1649,50,61
0500000US48089,"Colorado County, Texas",20559,10212,10347,2890,7322,3017,7330,5907,14652,20040,5959,14081,519,20040,2555,6081,11043,361,519
0500000US48091,"Comal County, Texas",156257,77765,78492,19989,57776,18861,59631,38850,117407,155189,26241,128948,1068,155189,3445,43937,101879,5928,1068
0500000US48093,"Comanche County, Texas",13540,6784,6756,1819,4965,1633,5123,3452,10088,13352,3753,9599,188,13352,1,3858,9128,365,188
0500000US48095,"Concho County, Texas",3181,1927,1254,320,1607,261,993,581,2600,2334,577,1757,847,2334,16,516,1753,49,847
0500000US48097,"Cooke County, Texas",41215,20557,20658,5705,14852,5220,15438,10925,30290,40527,10909,29618,688,40527,1057,7634,29925,1911,688
0500000US48099,"Coryell County, Texas",81692,40944,40748,10651,30293,9960,30788,20611,61081,65949,19635,46314,15743,65949,7925,12034,39443,6547,15743
0500000US48101,"Cottle County, Texas",1560,760,800,296,464,176,624,472,1088,1560,851,709,0,1560,111,322,977,150,0
0500000US48103,"Crane County, Texas",4654,2480,2174,853,1627,738,1436,1591,3063,4562,1407,3155,92,4562,46,3034,1308,174,92
0500000US48105,"Crockett County, Texas",2939,1461,1478,313,1148,334,1144,647,2292,2893,535,2358,46,2893,39,1776,1078,0,46
0500000US48107,"Crosby County, Texas",5265,2712,2553,869,1843,670,1883,1539,3726,5185,2275,2910,80,5185,213,2949,1966,57,80
0500000US48109,"Culberson County, Texas",2209,1202,1007,277,925,318,689,595,1614,2203,1217,986,6,2203,1,1828,265,109,6
0500000US48111,"Dallam County, Texas",7135,3758,3377,1295,2463,1215,2162,2510,4625,7024,2926,4098,111,7024,0,3272,3689,63,111
0500000US48113,"Dallas County, Texas",2604722,1290636,1314086,381787,908849,366243,947843,748030,1856692,2576174,844163,1732011,28548,2576174,578025,1053879,715728,228542,28548
0500000US48115,"Dawson County, Texas",12371,6817,5554,1774,5043,1729,3825,3503,8868,10510,4976,5534,1861,10510,329,6476,3596,109,1861
0500000US48117,"Deaf Smith County, Texas",18675,9363,9312,3272,6091,3228,6084,6500,12175,18375,7822,10553,300,18375,106,13730,4233,306,300
0500000US48119,"Delta County, Texas",5251,2328,2923,576,1752,894,2029,1470,3781,5198,1425,3773,53,5198,441,465,4095,197,53
0500000US48121,"Denton County, Texas",885012,437308,447704,122698,314610,118296,329408,240994,644018,873490,137199,736291,11522,873490,88288,170633,499145,115424,11522
0500000US48123,"DeWitt County, Texas",19834,10353,9481,2395,7958,2527,6954,4922,14912,17995,6148,11847,1839,17995,1284,6232,10076,403,1839
0500000US48125,"Dickens County, Texas",1569,793,776,159,634,199,577,358,1211,1482,558,924,87,1482,33,457,979,13,87
0500000US48127,"Dimmit County, Texas",8840,4286,4554,1539,2747,1504,3050,3043,5797,8733,5486,3247,107,8733,1,7702,842,188,107
0500000US48129,"Donley County, Texas",3266,1626,1640,524,1102,389,1251,913,2353,2985,851,2134,281,2985,171,323,2433,58,281
0500000US48131,"Duval County, Texas",10001,5150,4851,1390,3760,1491,3360,2881,7120,9433,4086,5347,568,9433,1,8668,763,1,568
0500000US48133,"Eastland County, Texas",17785,8848,8937,2209,6639,2356,6581,4565,13220,16897,6601,10296,888,16897,262,2782,13445,408,888
0500000US48135,"Ector County, Texas",161258,82361,78897,27634,54727,26252,52645,53886,107372,159627,47174,112453,1631,159627,7527,100576,47717,3807,1631
0500000US48137,"Edwards County, Texas",1366,738,628,178,560,176,452,354,1012,1351,626,725,15,1351,0,610,739,2,15
0500000US48139,"Ellis County, Texas",187984,93269,94715,28528,64741,26794,67921,55322,132662,186056,35301,150755,1928,186056,20812,50495,108090,6659,1928
0500000US48141,"El Paso County, Texas",860485,427025,433460,132574,294451,126908,306552,259482,601003,846265,349261,497004,14220,846265,25009,706273,94524,20459,14220
0500000US48143,"Erath County, Texas",42288,20707,21581,5872,14835,5998,15583,11870,30418,40318,13845,26473,1970,40318,274,8791,30020,1233,1970
0500000US48145,"Falls County, Texas",17074,7966,9108,1889,6077,2110,6998,3999,13075,15284,6155,9129,1790,15284,3472,3476,7844,492,1790
0500000US48147,"Fannin County, Texas",35453,18789,16664,4296,14493,4072,12592,8368,27085,32506,9574,22932,2947,32506,1305,3446,26280,1475,2947
0500000US48149,"Fayette County, Texas",24445,12201,12244,2919,9282,2443,9801,5362,19083,24078,5246,18832,367,24078,1468,5300,16893,417,367
0500000US48151,"Fisher County, Texas",3720,1991,1729,470,1521,387,1342,857,2863,3678,1145,2533,42,3678,73,1073,2435,97,42
0500000US48153,"Floyd County, Texas",5478,2739,2739,853,1886,766,1973,1619,3859,5433,2073,3360,45,5433,259,3221,1950,3,45
0500000US48155,"Foard County, Texas",1087,536,551,111,425,111,440,222,865,1045,498,547,42,1045,0,235,696,114,42
0500000US48157,"Fort Bend County, Texas",806497,397738,408759,123922,273816,118187,290572,242109,564388,800125,144501,655624,6372,800125,161281,198537,249504,190803,6372
0500000US48159,"Franklin County, Texas",10413,5244,5169,1526,3718,1306,3863,2832,7581,10304,2235,8069,109,10304,485,1572,7974,273,109
0500000US48161,"Freestone County, Texas",19478,10173,9305,2596,7577,2249,7056,4845,14633,18081,5711,12370,1397,18081,2576,2792,11962,751,1397
0500000US48163,"Frio County, Texas",18428,11141,7287,2801,8340,2222,5065,5023,13405,14545,5087,9458,3883,14545,32,12135,2330,48,3883
0500000US48165,"Gaines County, Texas",21167,10872,10295,4222,6650,3879,6416,8101,13066,21079,6331,14748,88,21079,463,8952,11471,193,88
0500000US48167,"Galveston County, Texas",347084,171429,175655,47909,123520,45439,130216,93348,253736,340984,79268,261716,6100,340984,41198,87118,191304,21364,6100
0500000US48169,"Garza County, Texas",5734,3522,2212,504,3018,454,1758,958,4776,4286,1007,3279,1448,4286,385,1511,2155,235,1448
0500000US48171,"Gillespie County, Texas",26730,12998,13732,3116,9882,2853,10879,5969,20761,26441,6948,19493,289,26441,21,6460,19374,586,289
0500000US48173,"Glasscock County, Texas",1221,737,484,200,537,60,424,260,961,1221,355,866,0,1221,0,539,628,54,0
0500000US48175,"Goliad County, Texas",7085,3537,3548,954,2583,711,2837,1665,5420,7001,2039,4962,84,7001,315,2532,4029,125,84
0500000US48177,"Gonzales County, Texas",19720,10049,9671,3071,6978,2753,6918,5824,13896,19454,7020,12434,266,19454,1290,10129,7856,179,266
0500000US48179,"Gray County, Texas",21398,11517,9881,3106,8411,2745,7136,5851,15547,19707,6711,12996,1691,19707,631,5812,12537,727,1691
0500000US48181,"Grayson County, Texas",134205,65683,68522,18330,47353,17414,51108,35744,98461,131670,36326,95344,2535,131670,7106,18617,97962,7985,2535
0500000US48183,"Gregg County, Texas",123744,60373,63371,18158,42215,17399,45972,35557,88187,120077,41151,78926,3667,120077,23162,23658,67304,5953,3667
0500000US48185,"Grimes County, Texas",28878,15700,13178,3575,12125,3629,9549,7204,21674,25108,7921,17187,3770,25108,3134,5877,15415,682,3770
0500000US48187,"Guadalupe County, Texas",169477,84185,85292,24049,60136,23213,62079,47262,122215,167669,36992,130677,1808,167669,14272,64942,82032,6423,1808
0500000US48189,"Hale County, Texas",32879,17271,15608,5248,12023,4917,10691,10165,22714,30829,12504,18325,2050,30829,1052,19237,9782,758,2050
0500000US48191,"Hall County, Texas",2875,1410,1465,357,1053,391,1074,748,2127,2832,1305,1527,43,2832,161,987,1547,137,43
0500000US48193,"Hamilton County, Texas",8211,4083,4128,1154,2929,1096,3032,2250,5961,8036,3218,4818,175,8036,12,1088,6719,217,175
0500000US48195,"Hansford County, Texas",5332,2817,2515,988,1829,717,1798,1705,3627,5272,2049,3223,60,5272,0,2580,2613,79,60
0500000US48197,"Hardeman County, Texas",3567,1765,1802,392,1373,522,1280,914,2653,3464,883,2581,103,3464,45,885,2369,165,103
0500000US48199,"Hardin County, Texas",56124,27551,28573,7611,19940,7604,20969,15215,40909,55488,14974,40514,636,55488,3408,3507,47183,1390,636
0500000US48201,"Harris County, Texas",4697957,2341438,2356519,702061,1639377,674377,1682142,1376438,3321519,4650386,1503416,3146970,47571,4650386,872662,2037825,1312817,427082,47571
0500000US48203,"Harrison County, Texas",68674,33530,35144,9601,23929,9432,25712,19033,49641,66734,21683,45051,1940,66734,13339,9042,41804,2549,1940
0500000US48205,"Hartley County, Texas",5465,3281,2184,603,2678,599,1585,1202,4263,4060,727,3333,1405,4060,0,1164,2656,240,1405
0500000US48207,"Haskell County, Texas",5420,2970,2450,850,2120,530,1920,1380,4040,5119,1923,3196,301,5119,202,1416,3381,120,301
0500000US48209,"Hays County, Texas",234573,117029,117544,32644,84385,32052,85492,64696,169877,227637,60723,166914,6936,227637,7965,91403,118292,9977,6936
0500000US48211,"Hemphill County, Texas",3450,1965,1485,629,1336,343,1142,972,2478,3416,817,2599,34,3416,47,1221,2110,38,34
0500000US48213,"Henderson County, Texas",81717,40336,41381,10208,30128,9164,32217,19372,62345,80247,30278,49969,1470,80247,4583,10920,61393,3351,1470
0500000US48215,"Hidalgo County, Texas",865677,426202,439475,158019,268183,152310,287165,310329,555348,856004,438977,417027,9673,856004,4428,793057,48287,10232,9673
0500000US48217,"Hill County, Texas",35686,17924,17762,4839,13085,4496,13266,9335,26351,34697,10326,24371,989,34697,2051,7520,24177,949,989
0500000US48219,"Hockley County, Texas",21670,10896,10774,3354,7542,3173,7601,6527,15143,20924,7655,13269,746,20924,644,10488,9327,465,746
0500000US48221,"Hood County, Texas",60521,29391,31130,6876,22515,7059,24071,13935,46586,59821,11375,48446,700,59821,468,7692,49868,1793,700
0500000US48223,"Hopkins County, Texas",36666,18082,18584,5063,13019,4783,13801,9846,26820,36083,10762,25321,583,36083,2500,6279,26105,1199,583
0500000US48225,"Houston County, Texas",22288,12134,10154,2599,9535,2347,7807,4946,17342,19089,8635,10454,3199,19089,4455,1741,12522,371,3199
0500000US48227,"Howard County, Texas",34620,19634,14986,4717,14917,4281,10705,8998,25622,30584,9986,20598,4036,30584,1565,12462,15334,1223,4036
0500000US48229,"Hudspeth County, Texas",3322,1698,1624,327,1371,486,1138,813,2509,2365,1163,1202,957,2365,15,1684,596,70,957
0500000US48231,"Hunt County, Texas",98783,48580,50203,13421,35159,13398,36805,26819,71964,96203,30145,66058,2580,96203,6776,16964,67892,4571,2580
0500000US48233,"Hutchinson County, Texas",20801,10623,10178,3177,7446,2828,7350,6005,14796,20678,5638,15040,123,20678,453,5000,14306,919,123
0500000US48235,"Irion County, Texas",1555,809,746,257,552,205,541,462,1093,1555,379,1176,0,1555,86,410,1059,0,0
0500000US48237,"Jack County, Texas",8494,4687,3807,1126,3561,1068,2739,2194,6300,7427,2518,4909,1067,7427,83,1049,6128,167,1067
0500000US48239,"Jackson County, Texas",14971,7252,7719,1938,5314,2317,5402,4255,10716,14670,4305,10365,301,14670,970,4984,8545,171,301
0500000US48241,"Jasper County, Texas",33369,16470,16899,4317,12153,4458,12441,8775,24594,32387,13321,19066,982,32387,4909,2144,24186,1148,982
0500000US48243,"Jeff Davis County, Texas",2021,1078,943,259,819,100,843,359,1662,1970,976,994,51,1970,0,468,1502,0,51
0500000US48245,"Jefferson County, Texas",256755,132064,124691,35392,96672,33802,90889,69194,187561,240752,86041,154711,16003,240752,79154,52121,95435,14042,16003
0500000US48247,"Jim Hogg County, Texas",4864,2449,2415,917,1532,855,1560,1772,3092,4758,2492,2266,106,4758,10,4494,264,-10,106
0500000US48249,"Jim Wells County, Texas",39203,19572,19631,6021,13551,5726,13905,11747,27456,38793,16227,22566,410,38793,285,31390,6696,422,410
0500000US48251,"Johnson County, Texas",177022,88880,88142,26117,62763,24500,63642,50617,126405,173947,45139,128808,3075,173947,7230,39405,121915,5397,3075
0500000US48253,"Jones County, Texas",19721,12391,7330,1852,10539,1796,5534,3648,16073,13177,4579,8598,6544,13177,262,3419,9270,226,6544
0500000US48255,"Karnes County, Texas",14823,8771,6052,2038,6733,1699,4353,3737,11086,11509,3935,7574,3314,11509,143,6619,4534,213,3314
0500000US48257,"Kaufman County, Texas",140145,69372,70773,22102,47270,20962,49811,43064,97081,138519,36614,101905,1626,138519,18877,32915,81224,5503,1626
0500000US48259,"Kendall County, Texas",43842,21603,22239,6095,15508,5451,16788,11546,32296,43326,6805,36521,516,43326,55,10737,30798,1736,516
0500000US48261,"Kenedy County, Texas",169,98,71,45,53,21,50,66,103,169,61,108,0,169,0,166,1,2,0
0500000US48263,"Kent County, Texas",632,335,297,125,210,74,223,199,433,583,104,479,49,583,2,99,463,19,49
0500000US48265,"Kerr County, Texas",52411,25508,26903,5929,19579,5448,21455,11377,41034,50866,14686,36180,1545,50866,579,14265,34211,1811,1545
0500000US48267,"Kimble County, Texas",4295,2136,2159,495,1641,456,1703,951,3344,4248,1409,2839,47,4248,35,1072,3099,42,47
0500000US48269,"King County, Texas",229,114,115,22,92,39,76,61,168,229,106,123,0,229,0,80,149,0,0
0500000US48271,"Kinney County, Texas",3199,1936,1263,344,1592,147,1116,491,2708,2980,1234,1746,219,2980,0,1905,1062,13,219
0500000US48273,"Kleberg County, Texas",31015,15473,15542,4492,10981,4635,10907,9127,21888,29204,12497,16707,1811,29204,748,21661,5729,1066,1811
0500000US48275,"Knox County, Texas",3384,1694,1690,504,1190,413,1277,917,2467,3278,1253,2025,106,3278,204,1175,1819,80,106
0500000US48277,"Lamar County, Texas",49932,24300,25632,6759,17541,6436,19196,13195,36737,49329,18151,31178,603,49329,6602,4126,36023,2578,603
0500000US48279,"Lamb County, Texas",13147,6600,6547,2178,4422,1952,4595,4130,9017,12944,5489,7455,203,12944,424,7370,4897,253,203
0500000US48281,"Lampasas County, Texas",21443,10754,10689,2678,8076,2517,8172,5195,16248,21266,5572,15694,177,21266,783,4266,15091,1126,177
0500000US48283,"La Salle County, Texas",6956,4286,2670,1290,2996,671,1999,1961,4995,6042,2747,3295,914,6042,0,5329,695,18,914
0500000US48285,"Lavaca County, Texas",20287,9829,10458,2631,7198,2744,7714,5375,14912,19878,5703,14175,409,19878,1143,3929,14424,382,409
0500000US48287,"Lee County, Texas",17393,8454,8939,2005,6449,2317,6622,4322,13071,17027,5238,11789,366,17027,1851,4089,10694,393,366
0500000US48289,"Leon County, Texas",15877,7857,8020,2018,5839,2083,5937,4101,11776,15806,5601,10205,71,15806,978,2410,11922,496,71
0500000US48291,"Liberty County, Texas",89948,44580,45368,13637,30943,13033,32335,26670,63278,82959,29481,53478,6989,82959,6405,24302,49905,2347,6989
0500000US48293,"Limestone County, Texas",22252,11512,10740,2875,8637,2625,8115,5500,16752,21502,8484,13018,750,21502,3631,4953,12101,817,750
0500000US48295,"Lipscomb County, Texas",3138,1431,1707,456,975,552,1155,1008,2130,3061,835,2226,77,3061,27,1045,1848,141,77
0500000US48297,"Live Oak County, Texas",11378,6059,5319,1176,4883,1468,3851,2644,8734,9971,3589,6382,1407,9971,1,3698,6174,98,1407
0500000US48299,"Llano County, Texas",21246,10332,10914,1897,8435,1741,9173,3638,17608,21054,5161,15893,192,21054,117,2388,17862,687,192
0500000US48301,"Loving County, Texas",83,42,41,12,30,19,22,31,52,83,1,82,0,83,0,0,82,1,0
0500000US48303,"Lubbock County, Texas",308580,152530,156050,44941,107589,43529,112521,88470,220110,296491,102343,194148,12089,296491,20779,109143,154369,12200,12089
0500000US48305,"Lynn County, Texas",5587,2899,2688,884,2015,775,1913,1659,3928,5511,2123,3388,76,5511,50,2557,2756,148,76
0500000US48307,"McCulloch County, Texas",7676,3989,3687,1035,2954,743,2944,1778,5898,7485,2375,5110,191,7485,43,2514,4625,303,191
0500000US48309,"McLennan County, Texas",258031,126438,131593,38120,88318,36520,95073,74640,183391,248091,90910,157181,9940,248091,35120,67920,135950,9101,9940
0500000US48311,"McMullen County, Texas",729,353,376,91,262,120,256,211,518,729,264,465,0,729,0,469,255,5,0
0500000US48313,"Madison County, Texas",13579,7704,5875,1696,6008,1578,4297,3274,10305,11247,3481,7766,2332,11247,1483,2549,6566,649,2332
0500000US48315,"Marion County, Texas",9748,4788,4960,1057,3731,975,3985,2032,7716,9659,4177,5482,89,9659,2187,420,6805,247,89
0500000US48317,"Martin County, Texas",5213,2666,2547,937,1729,851,1696,1788,3425,5170,1321,3849,43,5170,17,2407,2606,140,43
0500000US48319,"Mason County, Texas",3948,1950,1998,537,1413,501,1497,1038,2910,3940,790,3150,8,3940,0,776,3087,77,8
0500000US48321,"Matagorda County, Texas",36323,18342,17981,5275,13067,5030,12951,10305,26018,35939,14197,21742,384,35939,3602,15836,15153,1348,384
0500000US48323,"Maverick County, Texas",57769,28845,28924,10226,18619,9865,19059,20091,37678,57562,27289,30273,207,57562,246,54800,1461,1055,207
0500000US48325,"Medina County, Texas",50458,26079,24379,6662,19417,6422,17957,13084,37374,48169,11471,36698,2289,48169,495,25706,20535,1433,2289
0500000US48327,"Menard County, Texas",1981,986,995,210,776,237,758,447,1534,1947,571,1376,34,1947,0,699,1135,113,34
0500000US48329,"Midland County, Texas",166964,84899,82065,27113,57786,25534,56531,52647,114317,165142,34947,130195,1822,165142,10541,76780,71463,6358,1822
0500000US48331,"Milam County, Texas",24895,12387,12508,3546,8841,3206,9302,6752,18143,24439,8288,16151,456,24439,2367,6668,14968,436,456
0500000US48333,"Mills County, Texas",4520,2254,2266,538,1716,505,1761,1043,3477,4354,1256,3098,166,4354,7,1061,3127,159,166
0500000US48335,"Mitchell County, Texas",8903,5395,3508,1449,3946,838,2670,2287,6616,7164,1904,5260,1739,7164,22,3027,4092,23,1739
0500000US48337,"Montague County, Texas",19850,9645,10205,2413,7232,2562,7643,4975,14875,19533,6000,13533,317,19533,125,2231,16641,536,317
0500000US48339,"Montgomery County, Texas",607999,302314,305685,89208,213106,85648,220037,174856,433143,604657,123367,481290,3342,604657,32531,152754,384815,34557,3342
0500000US48341,"Moore County, Texas",21494,11262,10232,3810,7452,3590,6642,7400,14094,21336,7347,13989,158,21336,829,12340,6609,1558,158
0500000US48343,"Morris County, Texas",11988,5655,6333,1383,4272,1639,4694,3022,8966,11746,4175,7571,242,11746,2521,1263,7476,486,242
0500000US48345,"Motley County, Texas",1269,692,577,174,518,127,450,301,968,1269,454,815,0,1269,15,170,1005,79,0
0500000US48347,"Nacogdoches County, Texas",64822,31232,33590,9439,21793,9848,23742,19287,45535,59534,24668,34866,5288,59534,11023,11878,34814,1819,5288
0500000US48349,"Navarro County, Texas",51908,25701,26207,7656,18045,7357,18850,15013,36895,50868,18774,32094,1040,50868,5653,14799,27380,3036,1040
0500000US48351,"Newton County, Texas",12532,6523,6009,1724,4799,1360,4649,3084,9448,12363,5129,7234,169,12363,2526,505,9047,285,169
0500000US48353,"Nolan County, Texas",14727,7574,7153,2470,5104,1935,5218,4405,10322,14496,6189,8307,231,14496,694,5692,7745,365,231
0500000US48355,"Nueces County, Texas",353594,175738,177856,50127,125611,47249,130607,97376,256218,345659,117277,228382,7935,345659,12118,224968,97119,11454,7935
0500000US48357,"Ochiltree County, Texas",10063,5052,5011,1649,3403,1668,3343,3317,6746,9980,3632,6348,83,9980,75,5576,4132,197,83
0500000US48359,"Oldham County, Texas",2251,1350,901,662,688,199,702,861,1390,1801,482,1319,450,1801,5,393,1364,39,450
0500000US48361,"Orange County, Texas",85045,42388,42657,11965,30423,11242,31415,23207,61838,84087,21318,62769,958,84087,7288,7122,66707,2970,958
0500000US48363,"Palo Pinto County, Texas",28303,13926,14377,3794,10132,3638,10739,7432,20871,27963,8944,19019,340,27963,666,5690,20590,1017,340
0500000US48365,"Panola County, Texas",22583,11182,11401,3042,8140,2885,8516,5927,16656,22138,7722,14416,445,22138,2854,1999,16181,1104,445
0500000US48367,"Parker County, Texas",144803,72491,72312,20503,51988,18974,53338,39477,105326,142751,26964,115787,2052,142751,1937,18920,117005,4889,2052
0500000US48369,"Parmer County, Texas",9874,5086,4788,1549,3537,1527,3261,3076,6798,9781,2660,7121,93,9781,82,6365,3207,127,93
0500000US48371,"Pecos County, Texas",15202,8732,6470,2017,6715,2014,4456,4031,11171,12913,5303,7610,2289,12913,156,9395,3125,237,2289
0500000US48373,"Polk County, Texas",49372,26732,22640,5814,20918,5258,17382,11072,38300,45923,16124,29799,3449,45923,3171,6856,33886,2010,3449
0500000US48375,"Potter County, Texas",119043,61505,57538,18201,43304,17391,40147,35592,83451,112210,48987,63223,6833,112210,10181,45044,48340,8645,6833
0500000US48377,"Presidio County, Texas",6328,3230,3098,1093,2137,832,2266,1925,4403,6323,4204,2119,5,6323,0,5063,991,269,5
0500000US48379,"Rains County, Texas",12013,6032,5981,1489,4543,1050,4931,2539,9474,11922,3540,8382,91,11922,337,1133,10010,442,91
0500000US48381,"Randall County, Texas",139176,68753,70423,19445,49308,18603,51820,38048,101128,136446,30878,105568,2730,136446,4134,31579,94970,5763,2730
0500000US48383,"Reagan County, Texas",3363,1877,1486,677,1200,484,1002,1161,2202,3338,1142,2196,25,3338,78,2327,847,86,25
0500000US48385,"Real County, Texas",2852,1311,1541,388,923,381,1160,769,2083,2663,1199,1464,189,2663,0,624,2038,1,189
0500000US48387,"Red River County, Texas",11685,5568,6117,1242,4326,1376,4741,2618,9067,11513,4486,7027,172,11513,1677,867,8455,514,172
0500000US48389,"Reeves County, Texas",14584,8996,5588,2496,6500,1574,4014,4070,10514,13499,4911,8588,1085,13499,237,10148,3165,-51,1085
0500000US48391,"Refugio County, Texas",6822,3335,3487,886,2449,876,2611,1762,5060,6677,2483,4194,145,6677,452,3478,2667,80,145
0500000US48393,"Roberts County, Texas",724,390,334,75,315,56,278,131,593,710,174,536,14,710,0,86,596,28,14
0500000US48395,"Robertson County, Texas",16839,8366,8473,2425,5941,1968,6505,4393,12446,16651,5983,10668,188,16651,3401,3644,9330,276,188
0500000US48397,"Rockwall County, Texas",105227,52295,52932,16199,36096,14932,38000,31131,74096,104487,10211,94276,740,104487,7491,19689,71431,5876,740
0500000US48399,"Runnels County, Texas",9887,4927,4960,1225,3702,1361,3599,2586,7301,9596,3222,6374,291,9596,227,3337,5846,186,291
0500000US48401,"Rusk County, Texas",52542,28380,24162,6723,21657,6587,17575,13310,39232,48008,14076,33932,4534,48008,7187,8178,30994,1649,4534
0500000US48403,"Sabine County, Texas",9974,4856,5118,943,3913,1068,4050,2011,7963,9862,3861,6001,112,9862,550,475,8308,529,112
0500000US48405,"San Augustine County, Texas",7964,3921,4043,938,2983,883,3160,1821,6143,7742,3492,4250,222,7742,1721,595,5362,64,222
0500000US48407,"San Jacinto County, Texas",27380,13599,13781,3308,10291,3383,10398,6691,20689,27210,9968,17242,170,27210,2582,3884,20043,701,170
0500000US48409,"San Patricio County, Texas",68600,34927,33673,10607,24320,9506,24167,20113,48487,67647,23391,44256,953,67647,1288,39744,25147,1468,953
0500000US48411,"San Saba County, Texas",5775,3014,2761,629,2385,697,2064,1326,4449,5120,1794,3326,655,5120,0,1551,3403,166,655
0500000US48413,"Schleicher County, Texas",2547,1287,1260,350,937,394,866,744,1803,2547,511,2036,0,2547,30,1383,1095,39,0
0500000US48415,"Scurry County, Texas",16985,9416,7569,2531,6885,2321,5248,4852,12133,14991,4737,10254,1994,14991,407,6221,8015,348,1994
0500000US48417,"Shackelford County, Texas",3145,1596,1549,483,1113,338,1211,821,2324,3113,748,2365,32,3113,0,367,2653,93,32
0500000US48419,"Shelby County, Texas",24254,12069,12185,3878,8191,3277,8908,7155,17099,24064,9886,14178,190,24064,4485,4520,14675,384,190
0500000US48421,"Sherman County, Texas",2357,1119,1238,262,857,338,900,600,1757,2321,761,1560,36,2321,1,1050,1197,73,36
0500000US48423,"Smith County, Texas",231429,112225,119204,32637,79588,31254,87950,63891,167538,225826,65072,160754,5603,225826,37884,45890,133241,8811,5603
0500000US48425,"Somervell County, Texas",9170,4555,4615,1015,3540,1147,3468,2162,7008,8961,1772,7189,209,8961,170,1599,6992,200,209
0500000US48427,"Starr County, Texas",65568,32170,33398,12045,20125,11720,21678,23765,41803,65038,37266,27772,530,65038,41,62698,2075,224,530
0500000US48429,"Stephens County, Texas",9142,4846,4296,1269,3577,1061,3235,2330,6812,8733,2845,5888,409,8733,245,2073,6200,215,409
0500000US48431,"Sterling County, Texas",1391,733,658,363,370,186,472,549,842,1361,401,960,30,1361,0,502,814,45,30
0500000US48433,"Stonewall County, Texas",1358,631,727,214,417,245,482,459,899,1322,435,887,36,1322,10,338,972,2,36
0500000US48435,"Sutton County, Texas",3417,1777,1640,601,1176,531,1109,1132,2285,3398,1101,2297,19,3398,2,2386,970,40,19
0500000US48437,"Swisher County, Texas",7055,3948,3107,1127,2821,720,2387,1847,5208,6423,3219,3204,632,6423,421,2943,2919,140,632
0500000US48439,"Tarrant County, Texas",2091953,1027266,1064687,309029,718237,298359,766328,607388,1484565,2065361,533675,1531686,26592,2065361,349570,611087,924279,180425,26592
0500000US48441,"Taylor County, Texas",141739,69351,72388,20476,48875,20089,52299,40565,101174,135713,41860,93853,6026,135713,9972,34738,84341,6662,6026
0500000US48443,"Terrell County, Texas",979,502,477,98,404,65,412,163,816,979,338,641,0,979,14,530,409,26,0
0500000US48445,"Terry County, Texas",11937,6558,5379,2170,4388,1531,3848,3701,8236,11158,5048,6110,779,11158,152,6336,4589,81,779
0500000US48447,"Throckmorton County, Texas",1426,694,732,129,565,204,528,333,1093,1426,457,969,0,1426,5,189,1192,40,0
0500000US48449,"Titus County, Texas",31327,15457,15870,5102,10355,4891,10979,9993,21334,31032,12924,18108,295,31032,2956,13867,13446,763,295
0500000US48451,"Tom Green County, Texas",119048,59737,59311,16888,42849,16306,43005,33194,85854,112961,29954,83007,6087,112961,3977,47454,58271,3259,6087
0500000US48453,"Travis County, Texas",1267795,643169,624626,155458,487711,149246,475380,304704,963091,1242158,275631,966527,25637,1242158,99965,419766,598113,124314,25637
0500000US48455,"Trinity County, Texas",13695,6683,7012,1536,5147,1465,5547,3001,10694,13510,4758,8752,185,13510,1131,1510,10467,402,185
0500000US48457,"Tyler County, Texas",20032,10967,9065,2237,8730,2013,7052,4250,15782,17786,6175,11611,2246,17786,1010,1036,15188,552,2246
0500000US48459,"Upshur County, Texas",40781,20150,20631,5547,14603,5216,15415,10763,30018,40271,13885,26386,510,40271,3283,3617,32100,1271,510
0500000US48461,"Upton County, Texas",3340,1652,1688,450,1202,501,1187,951,2389,3280,1036,2244,60,3280,109,1853,1285,33,60
0500000US48463,"Uvalde County, Texas",24918,12417,12501,4084,8333,3540,8961,7624,17294,24360,10407,13953,558,24360,248,17626,6112,374,558
0500000US48465,"Val Verde County, Texas",47767,24449,23318,7661,16788,7423,15895,15084,32683,45817,19002,26815,1950,45817,406,38349,6176,886,1950
0500000US48467,"Van Zandt County, Texas",58782,28886,29896,7713,21173,7229,22667,14942,43840,57882,17803,40079,900,57882,1562,6813,48052,1455,900
0500000US48469,"Victoria County, Texas",91280,45062,46218,13165,31897,12457,33761,25622,65658,89542,28332,61210,1738,89542,5021,42869,38910,2742,1738
0500000US48471,"Walker County, Texas",76506,44770,31736,8205,36565,7419,24317,15624,60882,60482,23923,36559,16024,60482,12897,9222,36573,1790,16024
0500000US48473,"Waller County, Texas",55505,27679,27826,8390,19289,8827,18999,17217,38288,51673,13797,37876,3832,51673,9735,16986,23342,1610,3832
0500000US48475,"Ward County, Texas",11375,5651,5724,1659,3992,1860,3864,3519,7856,11279,3418,7861,96,11279,421,6237,4300,321,96
0500000US48477,"Washington County, Texas",35561,17326,18235,4941,12385,4539,13696,9480,26081,33584,7914,25670,1977,33584,5482,5682,21211,1209,1977
0500000US48479,"Webb County, Texas",266963,131764,135199,49046,82718,47493,87706,96539,170424,264129,117094,147035,2834,264129,1058,252434,8736,1901,2834
0500000US48481,"Wharton County, Texas",41602,20688,20914,6171,14517,5890,15024,12061,29541,40968,14556,26412,634,40968,5392,17482,17800,294,634
0500000US48483,"Wheeler County, Texas",5091,2663,2428,858,1805,548,1880,1406,3685,5031,1828,3203,60,5031,91,1297,3466,177,60
0500000US48485,"Wichita County, Texas",129419,67312,62107,18634,48678,16510,45597,35144,94275,116405,38622,77783,13014,116405,10422,22934,76387,6662,13014
0500000US48487,"Wilbarger County, Texas",12887,6231,6656,1656,4575,1745,4911,3401,9486,12365,5456,6909,522,12365,897,3782,6964,722,522
0500000US48489,"Willacy County, Texas",20423,11339,9084,2933,8406,2689,6395,5622,14801,19135,10290,8845,1288,19135,2,17081,1964,88,1288
0500000US48491,"Williamson County, Texas",591759,293407,298352,84270,209137,79912,218440,164182,427577,587222,84954,502268,4537,587222,38133,146424,335871,66794,4537
0500000US48493,"Wilson County, Texas",49374,24821,24553,6697,18124,6442,18111,13139,36235,48772,11573,37199,602,48772,748,19779,26992,1253,602
0500000US48495,"Winkler County, Texas",7629,3858,3771,1187,2671,1479,2292,2666,4963,7537,2107,5430,92,7537,128,4711,2496,202,92
0500000US48497,"Wise County, Texas",67877,34239,33638,9585,24654,8936,24702,18521,49356,66688,16205,50483,1189,66688,759,13075,50622,2232,1189
0500000US48499,"Wood County, Texas",44615,22269,22346,4952,17317,4664,17682,9616,34999,42964,12918,30046,1651,42964,1659,4328,35548,1429,1651
0500000US48501,"Yoakum County, Texas",7707,3680,4027,1204,2476,1457,2570,2661,5046,7707,2025,5682,0,7707,103,5225,2220,159,0
0500000US48503,"Young County, Texas",17894,8829,9065,2237,6592,2411,6654,4648,13246,17609,5520,12089,285,17609,158,3408,13612,431,285
0500000US48505,"Zapata County, Texas",13945,6931,7014,2787,4144,2286,4728,5073,8872,13852,7947,5905,93,13852,0,13142,463,247,93
0500000US48507,"Zavala County, Texas",9900,5208,4692,1776,3432,1403,3289,3179,6721,9811,5265,4546,89,9811,44,9259,489,19,89
0500000US49001,"Beaver County, Utah",6962,3586,3376,1303,2283,1186,2190,2489,4473,6792,1452,5340,170,6792,0,813,5752,227,170
0500000US49003,"Box Elder County, Utah",56891,29116,27775,10187,18929,9239,18536,19426,37465,56522,12606,43916,369,56522,268,5460,48958,1836,369
0500000US49005,"Cache County, Utah",131703,66207,65496,23107,43100,22973,42523,46080,85623,128586,41177,87409,3117,128586,799,14000,107110,6677,3117
0500000US49007,"Carbon County, Utah",20208,10164,10044,3137,7027,2878,7166,6015,14193,19895,6764,13131,313,19895,262,2689,16407,537,313
0500000US49009,"Daggett County, Utah",564,305,259,84,221,108,151,192,372,515,71,444,49,515,0,9,483,23,49
0500000US49011,"Davis County, Utah",358831,181967,176864,64630,117337,59521,117343,124151,234680,356055,54720,301335,2776,356055,4235,36204,294196,21420,2776
0500000US49013,"Duchesne County, Utah",19651,9929,9722,3552,6377,3528,6194,7080,12571,19309,5661,13648,342,19309,27,1648,16270,1364,342
0500000US49015,"Emery County, Utah",9839,5033,4806,1694,3339,1426,3380,3120,6719,9739,2561,7178,100,9739,7,639,8805,288,100
0500000US49017,"Garfield County, Utah",5061,2596,2465,711,1885,697,1768,1408,3653,4870,1868,3002,191,4870,0,240,4362,268,191
0500000US49019,"Grand County, Utah",9630,4838,4792,1103,3735,881,3911,1984,7646,9563,3470,6093,67,9563,1,1006,7767,789,67
0500000US49021,"Iron County, Utah",55839,27980,27859,9076,18904,9302,18557,18378,37461,55261,19624,35637,578,55261,368,5077,47019,2797,578
0500000US49023,"Juab County, Utah",11648,6015,5633,2335,3680,2008,3625,4343,7305,11518,2928,8590,130,11518,25,639,10454,400,130
0500000US49025,"Kane County, Utah",7635,3915,3720,944,2971,823,2897,1767,5868,7397,2024,5373,238,7397,11,140,6763,483,238
0500000US49027,"Millard County, Utah",12860,6587,6273,2268,4319,2142,4131,4410,8450,12707,3129,9578,153,12707,24,1630,10527,526,153
0500000US49029,"Morgan County, Utah",12162,6346,5816,2532,3814,2107,3709,4639,7523,12154,1202,10952,8,12154,82,354,11359,359,8
0500000US49031,"Piute County, Utah",1809,932,877,231,701,182,695,413,1396,1782,781,1001,27,1782,0,79,1681,22,27
0500000US49033,"Rich County, Utah",2507,1359,1148,505,854,385,763,890,1617,2502,717,1785,5,2502,0,218,2211,73,5
0500000US49035,"Salt Lake County, Utah",1173331,591773,581558,176776,414997,168750,412808,345526,827805,1158163,239072,919091,15168,1158163,21575,216185,810109,110294,15168
0500000US49037,"San Juan County, Utah",14610,7237,7373,2434,4803,2422,4951,4856,9754,14287,5427,8860,323,14287,20,814,6196,7257,323
0500000US49039,"Sanpete County, Utah",28458,14994,13464,4534,10460,4249,9215,8783,19675,25749,7890,17859,2709,25749,162,1957,22790,840,2709
0500000US49041,"Sevier County, Utah",21471,11079,10392,3639,7440,3158,7234,6797,14674,21138,6543,14595,333,21138,125,1111,19364,538,333
0500000US49043,"Summit County, Utah",42156,21786,20370,5721,16065,5463,14907,11184,30972,41998,4893,37105,158,41998,296,4641,35306,1755,158
0500000US49045,"Tooele County, Utah",71340,36225,35115,12797,23428,12143,22972,24940,46400,70543,12360,58183,797,70543,611,9291,57309,3332,797
0500000US49047,"Uintah County, Utah",35488,17986,17502,6391,11595,5978,11524,12369,23119,35068,11043,24025,420,35068,157,2990,28292,3629,420
0500000US49049,"Utah County, Utah",648265,328683,319582,123664,205019,118379,201203,242043,406222,633351,145982,487369,14914,633351,3961,77445,514813,37132,14914
0500000US49051,"Wasatch County, Utah",34028,17292,16736,5846,11446,5634,11102,11480,22548,33904,5009,28895,124,33904,162,4672,28121,949,124
0500000US49053,"Washington County, Utah",176533,87625,88908,25722,61903,24380,64528,50102,126431,174427,41919,132508,2106,174427,1087,18933,145342,9065,2106
0500000US49055,"Wayne County, Utah",2500,1289,1211,328,961,289,922,617,1883,2469,762,1707,31,2469,0,147,2278,44,31
0500000US49057,"Weber County, Utah",259390,130999,128391,40435,90564,38819,89572,79254,180136,256428,55713,200715,2962,256428,2572,47718,193579,12559,2962
0500000US50001,"Addison County, Vermont",37306,18526,18780,4098,14428,3997,14783,8095,29211,34171,5735,28436,3135,34171,316,703,32112,1040,3135
0500000US50003,"Bennington County, Vermont",37235,18099,19136,4334,13765,3815,15321,8149,29086,35898,8479,27419,1337,35898,308,777,33539,1274,1337
0500000US50005,"Caledonia County, Vermont",30402,15316,15086,3619,11697,3206,11880,6825,23577,29483,8372,21111,919,29483,178,535,27751,1019,919
0500000US50007,"Chittenden County, Vermont",167523,82649,84874,19584,63065,18421,66453,38005,129518,157919,32667,125252,9604,157919,4233,3828,137961,11897,9604
0500000US50009,"Essex County, Vermont",5972,3009,2963,585,2424,548,2415,1133,4839,5962,1964,3998,10,5962,7,88,5620,247,10
0500000US50011,"Franklin County, Vermont",49752,24937,24815,6321,18616,5819,18996,12140,37612,49299,10697,38602,453,49299,190,861,45977,2271,453
0500000US50013,"Grand Isle County, Vermont",7249,3690,3559,719,2971,731,2828,1450,5799,7219,1150,6069,30,7219,82,145,6634,358,30
0500000US50015,"Lamoille County, Vermont",25920,13039,12881,3058,9981,2961,9920,6019,19901,25253,6227,19026,667,25253,260,451,23743,799,667
0500000US50017,"Orange County, Vermont",29286,14655,14631,3321,11334,2851,11780,6172,23114,28676,6668,22008,610,28676,93,380,27147,1056,610
0500000US50019,"Orleans County, Vermont",27317,13799,13518,3071,10728,2826,10692,5897,21420,26415,7218,19197,902,26415,139,408,24943,925,902
0500000US50021,"Rutland County, Vermont",60662,30242,30420,6437,23805,6188,24232,12625,48037,58696,14066,44630,1966,58696,281,924,55529,1962,1966
0500000US50023,"Washington County, Vermont",59609,29852,29757,7065,22787,6094,23663,13159,46450,57230,13021,44209,2379,57230,422,884,53812,2112,2379
0500000US50025,"Windham County, Vermont",45811,22365,23446,4745,17620,4518,18928,9263,36548,44112,12507,31605,1699,44112,380,957,40897,1878,1699
0500000US50027,"Windsor County, Vermont",57593,28355,29238,6037,22318,5507,23731,11544,46049,56768,12356,44412,825,56768,377,1052,53319,2020,825
0500000US51001,"Accomack County, Virginia",33388,16259,17129,3717,12542,3826,13303,7543,25845,33078,12274,20804,310,33078,9397,3009,19789,883,310
0500000US51003,"Albemarle County, Virginia",111438,53385,58053,14233,39152,14340,43713,28573,82865,103408,16381,87027,8030,103408,8744,6163,80324,8177,8030
0500000US51005,"Alleghany County, Virginia",15266,7556,7710,1799,5757,1422,6288,3221,12045,15032,4201,10831,234,15032,803,240,13737,252,234
0500000US51007,"Amelia County, Virginia",13220,6525,6695,1476,5049,1697,4998,3173,10047,13135,3797,9338,85,13135,2913,437,9615,170,85
0500000US51009,"Amherst County, Virginia",31381,15154,16227,3489,11665,3503,12724,6992,24389,30598,8666,21932,783,30598,5630,768,22770,1430,783
0500000US51011,"Appomattox County, Virginia",16039,7771,8268,1891,5880,2026,6242,3917,12122,15966,4636,11330,73,15966,2929,319,12216,502,73
0500000US51013,"Arlington County, Virginia",235764,118565,117199,23612,94953,22464,94735,46076,189688,232517,30314,202203,3247,232517,21204,35974,140436,34903,3247
0500000US51015,"Augusta County, Virginia",76948,39362,37586,8426,30936,7977,29609,16403,60545,72925,16180,56745,4023,72925,1681,2245,66985,2014,4023
0500000US51017,"Bath County, Virginia",4243,2152,2091,409,1743,237,1854,646,3597,4177,1964,2213,66,4177,149,15,3983,30,66
0500000US51019,"Bedford County, Virginia",79183,39097,40086,8726,30371,8638,31448,17364,61819,78490,16797,61693,693,78490,4704,1943,68240,3603,693
0500000US51021,"Bland County, Virginia",6278,3608,2670,650,2958,479,2191,1129,5149,5292,1546,3746,986,5292,22,36,5190,44,986
0500000US51023,"Botetourt County, Virginia",33542,16678,16864,3683,12995,3480,13384,7163,26379,33189,5712,27477,353,33189,760,634,30547,1248,353
0500000US51025,"Brunswick County, Virginia",16044,8624,7420,1679,6945,1512,5908,3191,12853,13537,4857,8680,2507,13537,7363,147,5665,362,2507
0500000US51027,"Buchanan County, Virginia",20615,10374,10241,2025,8349,1867,8374,3892,16723,19747,9047,10700,868,19747,116,139,19030,462,868
0500000US51029,"Buckingham County, Virginia",16832,9287,7545,1646,7641,1758,5787,3404,13428,14833,5229,9604,1999,14833,4511,272,9547,503,1999
0500000US51031,"Campbell County, Virginia",55656,27091,28565,6269,20822,6188,22377,12457,43199,54948,15213,39735,708,54948,7745,1620,43049,2534,708
0500000US51033,"Caroline County, Virginia",30861,15282,15579,3822,11460,3628,11951,7450,23411,28796,6102,22694,2065,28796,7580,1288,18207,1721,2065
0500000US51035,"Carroll County, Virginia",29123,14834,14289,3227,11607,2611,11678,5838,23285,28956,9782,19174,167,28956,183,1143,27188,442,167
0500000US51036,"Charles City County, Virginia",6817,3414,3403,664,2750,524,2879,1188,5629,6800,1895,4905,17,6800,3008,141,2939,712,17
0500000US51037,"Charlotte County, Virginia",11605,5898,5707,1582,4316,1170,4537,2752,8853,11365,4059,7306,240,11365,3041,279,7739,306,240
0500000US51041,"Chesterfield County, Virginia",359798,174028,185770,49028,125000,46865,138905,95893,263905,355142,58154,296988,4656,355142,81765,33722,214817,24838,4656
0500000US51043,"Clarke County, Virginia",14726,7340,7386,1629,5711,1659,5727,3288,11438,14529,2019,12510,197,14529,664,888,12400,577,197
0500000US51045,"Craig County, Virginia",4914,2369,2545,534,1835,647,1898,1181,3733,4782,1439,3343,132,4782,0,0,4595,187,132
0500000US51047,"Culpeper County, Virginia",52021,25950,26071,7206,18744,7060,19011,14266,37755,50364,10043,40321,1657,50364,6548,5801,35031,2984,1657
0500000US51049,"Cumberland County, Virginia",9669,4878,4791,1214,3664,863,3928,2077,7592,9669,1676,7993,0,9669,2947,112,6138,472,0
0500000US51051,"Dickenson County, Virginia",14256,7289,6967,1518,5771,1473,5494,2991,11265,13799,6401,7398,457,13799,46,132,13524,97,457
0500000US51053,"Dinwiddie County, Virginia",28040,14033,14007,3572,10461,3137,10870,6709,21331,27213,7046,20167,827,27213,8491,991,17051,680,827
0500000US51057,"Essex County, Virginia",10621,4892,5729,1113,3779,1142,4587,2255,8366,10537,3576,6961,84,10537,4026,429,5685,397,84
0500000US51059,"Fairfax County, Virginia",1146825,572190,574635,152838,419352,144647,429988,297485,849340,1137354,148280,989074,9471,1137354,109689,186801,561222,279642,9471
0500000US51061,"Fauquier County, Virginia",72416,35953,36463,9610,26343,9071,27392,18681,53735,72057,8789,63268,359,72057,4938,6620,56726,3773,359
0500000US51063,"Floyd County, Virginia",15536,7536,8000,1622,5914,1566,6434,3188,12348,15453,4235,11218,83,15453,427,453,14351,222,83
0500000US51065,"Fluvanna County, Virginia",27078,12684,14394,3218,9466,2757,11637,5975,21103,25552,3475,22077,1526,25552,3545,946,19843,1218,1526
0500000US51067,"Franklin County, Virginia",54829,27106,27723,6101,21005,5710,22013,11811,43018,53134,14464,38670,1695,53134,3689,1541,46647,1257,1695
0500000US51069,"Frederick County, Virginia",90287,45366,44921,12008,33358,10662,34259,22670,67617,88577,15438,73139,1710,88577,3205,8526,72773,4073,1710
0500000US51071,"Giles County, Virginia",16764,8221,8543,1878,6343,1865,6678,3743,13021,16582,4421,12161,182,16582,275,307,15678,322,182
0500000US51073,"Gloucester County, Virginia",38586,19104,19482,4390,14714,4110,15372,8500,30086,37965,6605,31360,621,37965,3234,1501,31718,1512,621
0500000US51075,"Goochland County, Virginia",24300,12188,12112,2743,9445,2288,9824,5031,19269,23226,2674,20552,1074,23226,3203,725,18282,1016,1074
0500000US51077,"Grayson County, Virginia",15418,7896,7522,1391,6505,1386,6136,2777,12641,14520,5307,9213,898,14520,283,509,13390,338,898
0500000US51079,"Greene County, Virginia",20374,9817,10557,2425,7392,2798,7759,5223,15151,20250,3898,16352,124,20250,1283,1280,16247,1440,124
0500000US51081,"Greensville County, Virginia",11465,7175,4290,907,6268,1124,3166,2031,9434,8393,2911,5482,3072,8393,4523,94,3250,526,3072
0500000US51083,"Halifax County, Virginia",34228,16491,17737,3926,12565,3707,14030,7633,26595,33484,11991,21493,744,33484,11573,769,20080,1062,744
0500000US51085,"Hanover County, Virginia",109232,54028,55204,14387,39641,12855,42349,27242,81990,107391,14106,93285,1841,107391,9168,3444,89093,5686,1841
0500000US51087,"Henrico County, Virginia",331924,158296,173628,42339,115957,40117,133511,82456,249468,329265,65838,263427,2659,329265,96916,19751,169642,42956,2659
0500000US51089,"Henry County, Virginia",51077,24411,26666,5368,19043,5672,20994,11040,40037,50243,20342,29901,834,50243,11289,2975,34888,1091,834
0500000US51091,"Highland County, Virginia",2229,1056,1173,136,920,171,1002,307,1922,2210,656,1554,19,2210,0,0,2039,171,19
0500000US51093,"Isle of Wight County, Virginia",38301,19043,19258,4536,14507,4339,14919,8875,29426,38101,7150,30951,200,38101,8554,1443,26639,1465,200
0500000US51095,"James City County, Virginia",77733,37523,40210,8668,28855,8703,31507,17371,60362,76891,10493,66398,842,76891,9534,4758,57270,5329,842
0500000US51097,"King and Queen County, Virginia",6690,3550,3140,776,2774,500,2640,1276,5414,6680,1728,4952,10,6680,1631,231,4406,412,10
0500000US51099,"King George County, Virginia",26597,13484,13113,3713,9771,3491,9622,7204,19393,26265,4583,21682,332,26265,4374,1549,18788,1554,332
0500000US51101,"King William County, Virginia",17511,8784,8727,2496,6288,2107,6620,4603,12908,17384,3247,14137,127,17384,2621,501,13430,832,127
0500000US51103,"Lancaster County, Virginia",10916,5194,5722,1028,4166,979,4743,2007,8909,10751,2824,7927,165,10751,3156,103,7193,299,165
0500000US51105,"Lee County, Virginia",22482,11857,10625,2368,9489,2058,8567,4426,18056,20937,9817,11120,1545,20937,41,97,20523,276,1545
0500000US51107,"Loudoun County, Virginia",413574,206626,206948,64062,142564,61424,145524,125486,288088,411218,34633,376585,2356,411218,31234,56123,222792,101069,2356
0500000US51109,"Louisa County, Virginia",37136,18419,18717,4182,14237,3971,14746,8153,28983,37026,9250,27776,110,37026,5074,1223,28450,2279,110
0500000US51111,"Lunenburg County, Virginia",11982,6293,5689,1307,4986,1248,4441,2555,9427,11057,4025,7032,925,11057,3545,579,6666,267,925
0500000US51113,"Madison County, Virginia",13731,6738,6993,1533,5205,1587,5406,3120,10611,13559,3253,10306,172,13559,938,432,11541,648,172
0500000US51115,"Mathews County, Virginia",8548,4150,4398,949,3201,674,3724,1623,6925,8465,1286,7179,83,8465,784,247,7165,269,83
0500000US51117,"Mecklenburg County, Virginia",30347,15026,15321,3367,11659,2875,12446,6242,24105,29414,10449,18965,933,29414,9791,844,17988,791,933
0500000US51119,"Middlesex County, Virginia",10686,5402,5284,980,4422,825,4459,1805,8881,10304,2539,7765,382,10304,1579,314,8054,357,382
0500000US51121,"Montgomery County, Virginia",99294,51457,47837,13186,38271,11237,36600,24423,74871,89669,31843,57826,9625,89669,3500,2854,75463,7852,9625
0500000US51125,"Nelson County, Virginia",14795,7354,7441,1596,5758,1248,6193,2844,11951,14750,3466,11284,45,14750,1834,664,11940,312,45
0500000US51127,"New Kent County, Virginia",22519,11591,10928,2680,8911,2275,8653,4955,17564,21863,2431,19432,656,21863,2562,832,17166,1303,656
0500000US51131,"Northampton County, Virginia",12226,5872,6354,1357,4515,1272,5082,2629,9597,11966,3417,8549,260,11966,3827,1101,6589,449,260
0500000US51133,"Northumberland County, Virginia",11965,5670,6295,910,4760,1182,5113,2092,9873,11920,3214,8706,45,11920,2593,472,8124,731,45
0500000US51135,"Nottoway County, Virginia",15667,8603,7064,1784,6819,1715,5349,3499,12168,13942,5436,8506,1725,13942,5289,622,7834,197,1725
0500000US51137,"Orange County, Virginia",36001,17877,18124,4403,13474,4073,14051,8476,27525,35303,6980,28323,698,35303,4481,1998,27229,1595,698
0500000US51139,"Page County, Virginia",23734,11910,11824,2638,9272,2549,9275,5187,18547,23544,7470,16074,190,23544,241,526,21911,866,190
0500000US51141,"Patrick County, Virginia",17661,8866,8795,1606,7260,1592,7203,3198,14463,17255,4564,12691,406,17255,947,550,15515,243,406
0500000US51143,"Pittsylvania County, Virginia",60833,30101,30732,6259,23842,6300,24432,12559,48274,59486,20556,38930,1347,59486,11593,1597,44190,2106,1347
0500000US51145,"Powhatan County, Virginia",29979,15793,14186,3241,12552,2770,11416,6011,23968,27786,2859,24927,2193,27786,1661,526,24734,865,2193
0500000US51147,"Prince Edward County, Virginia",21887,11228,10659,3109,8119,2923,7736,6032,15855,16349,6635,9714,5538,16349,5627,159,9742,821,5538
0500000US51149,"Prince George County, Virginia",42170,22701,19469,5497,17204,5092,14377,10589,31581,37428,8149,29279,4742,37428,10914,3181,20954,2379,4742
0500000US51153,"Prince William County, Virginia",477224,239956,237268,72683,167273,68145,169123,140828,336396,471165,69809,401356,6059,471165,98045,114962,192799,65359,6059
0500000US51155,"Pulaski County, Virginia",33893,17072,16821,3432,13640,3225,13596,6657,27236,32633,8603,24030,1260,32633,1287,614,29756,976,1260
0500000US51157,"Rappahannock County, Virginia",7400,3781,3619,935,2846,596,3023,1531,5869,7354,1387,5967,46,7354,299,295,6460,300,46
0500000US51159,"Richmond County, Virginia",8902,5144,3758,1028,4116,663,3095,1691,7211,7250,2201,5049,1652,7250,1567,507,4766,410,1652
0500000US51161,"Roanoke County, Virginia",96303,46597,49706,11240,35357,10484,39222,21724,74579,93939,17252,76687,2364,93939,5228,3123,80023,5565,2364
0500000US51163,"Rockbridge County, Virginia",22663,11281,11382,2205,9076,2234,9148,4439,18224,22369,5967,16402,294,22369,863,484,20495,527,294
0500000US51165,"Rockingham County, Virginia",83090,41088,42002,10613,30475,10199,31803,20812,62278,81134,17351,63783,1956,81134,1868,6148,71284,1834,1956
0500000US51167,"Russell County, Virginia",25932,12875,13057,2719,10156,2673,10384,5392,20540,25638,10364,15274,294,25638,332,135,24762,409,294
0500000US51169,"Scott County, Virginia",21576,11003,10573,2342,8661,2075,8498,4417,17159,20730,7581,13149,846,20730,104,301,20079,246,846
0500000US51171,"Shenandoah County, Virginia",44037,21709,22328,5278,16431,5056,17272,10334,33703,43587,11677,31910,450,43587,825,3291,37720,1751,450
0500000US51173,"Smyth County, Virginia",29960,14892,15068,3233,11659,3108,11960,6341,23619,29304,11724,17580,656,29304,539,615,27577,573,656
0500000US51175,"Southampton County, Virginia",18028,9480,8548,1866,7614,1895,6653,3761,14267,16566,3606,12960,1462,16566,5096,338,10291,841,1462
0500000US51177,"Spotsylvania County, Virginia",138493,68406,70087,19303,49103,18376,51711,37679,100814,137651,23207,114444,842,137651,22737,14784,90897,9233,842
0500000US51179,"Stafford County, Virginia",154204,78303,75901,22678,55625,21653,54248,44331,109873,149991,17577,132414,4213,149991,27209,21080,87525,14177,4213
0500000US51181,"Surry County, Virginia",6563,3237,3326,621,2616,677,2649,1298,5265,6555,1845,4710,8,6555,2836,179,3485,55,8
0500000US51183,"Sussex County, Virginia",10960,6556,4404,1032,5524,912,3492,1944,9016,9420,2787,6633,1540,9420,5138,280,3877,125,1540
0500000US51185,"Tazewell County, Virginia",40615,20165,20450,4520,15645,4327,16123,8847,31768,39069,14720,24349,1546,39069,1221,326,36994,528,1546
0500000US51187,"Warren County, Virginia",40442,20160,20282,5007,15153,4893,15389,9900,30542,39637,9183,30454,805,39637,1753,2072,33896,1916,805
0500000US51191,"Washington County, Virginia",53997,26847,27150,5633,21214,5364,21786,10997,43000,52284,14909,37375,1713,52284,512,817,50034,921,1713
0500000US51193,"Westmoreland County, Virginia",18324,8939,9385,2169,6770,1610,7775,3779,14545,18121,5775,12346,203,18121,4623,1209,11449,840,203
0500000US51195,"Wise County, Virginia",36531,19283,17248,4111,15172,3878,13370,7989,28542,33422,12797,20625,3109,33422,708,332,31754,628,3109
0500000US51197,"Wythe County, Virginia",28347,13935,14412,3146,10789,3016,11396,6162,22185,28057,8729,19328,290,28057,551,377,26268,861,290
0500000US51199,"York County, Virginia",69635,34314,35321,9251,25063,9002,26319,18253,51382,67755,8302,59453,1880,67755,8711,4570,47015,7459,1880
0500000US51510,"Alexandria city, Virginia",158185,76596,81589,15952,60644,15242,66347,31194,126991,156643,29318,127325,1542,156643,33426,25786,81052,16379,1542
0500000US51520,"Bristol city, Virginia",16996,8055,8941,1871,6184,1942,6999,3813,13183,16742,6255,10487,254,16742,962,431,14735,614,254
0500000US51530,"Buena Vista city, Virginia",6649,3029,3620,854,2175,987,2633,1841,4808,6117,2440,3677,532,6117,441,94,5428,154,532
0500000US51540,"Charlottesville city, Virginia",46597,22469,24128,4442,18027,4850,19278,9292,37305,44003,16355,27648,2594,44003,8045,2437,28996,4525,2594
0500000US51550,"Chesapeake city, Virginia",247172,121508,125664,34058,87450,32119,93545,66177,180995,242326,43547,198779,4846,242326,70974,16517,135714,19121,4846
0500000US51570,"Colonial Heights city, Virginia",18127,8332,9795,2143,6189,2358,7437,4501,13626,17880,4151,13729,247,17880,3014,1216,12563,1087,247
0500000US51580,"Covington city, Virginia",5716,2725,2991,721,2004,745,2246,1466,4250,5608,2278,3330,108,5608,650,138,4546,274,108
0500000US51590,"Danville city, Virginia",42556,19741,22815,5396,14345,4891,17924,10287,32269,41119,18647,22472,1437,41119,20336,2012,16678,2093,1437
0500000US51595,"Emporia city, Virginia",5761,2689,3072,944,1745,758,2314,1702,4059,5591,2720,2871,170,5591,3615,444,1010,522,170
0500000US51600,"Fairfax city, Virginia",23980,11713,12267,2955,8758,2960,9307,5915,18065,23159,4086,19073,821,23159,1026,4068,12752,5313,821
0500000US51610,"Falls Church city, Virginia",14494,7227,7267,2153,5074,1743,5524,3896,10598,14475,658,13817,19,14475,681,1543,10239,2012,19
0500000US51620,"Franklin city, Virginia",8249,3878,4371,1217,2661,975,3396,2192,6057,8111,3655,4456,138,8111,4366,243,2991,511,138
0500000US51630,"Fredericksburg city, Virginia",28027,12923,15104,3327,9596,4169,10935,7496,20531,25580,5947,19633,2447,25580,5628,2889,14538,2525,2447
0500000US51640,"Galax city, Virginia",6681,3077,3604,825,2252,884,2720,1709,4972,6434,2659,3775,247,6434,454,1192,4834,-46,247
0500000US51650,"Hampton city, Virginia",136748,66059,70689,17013,49046,16587,54102,33600,103148,132153,37278,94875,4595,132153,65066,8354,48985,9748,4595
0500000US51660,"Harrisonburg city, Virginia",52062,25375,26687,7775,17600,8006,18681,15781,36281,44982,20184,24798,7080,44982,3303,10094,28346,3239,7080
0500000US51670,"Hopewell city, Virginia",23020,10807,12213,3423,7384,3074,9139,6497,16523,22822,10286,12536,198,22822,10103,1980,10077,662,198
0500000US51678,"Lexington city, Virginia",7287,4331,2956,1414,2917,765,2191,2179,5108,4315,1240,3075,2972,4315,272,170,3560,313,2972
0500000US51680,"Lynchburg city, Virginia",78973,36978,41995,10258,26720,11058,30937,21316,57657,68869,24445,44424,10104,68869,20690,2892,42101,3186,10104
0500000US51683,"Manassas city, Virginia",42596,21618,20978,6429,15189,5829,15149,12258,30338,42459,6563,35896,137,42459,5568,16169,16582,4140,137
0500000US51685,"Manassas Park city, Virginia",17081,8893,8188,2555,6338,2229,5959,4784,12297,16946,4323,12623,135,16946,2762,6889,5313,1982,135
0500000US51690,"Martinsville city, Virginia",13476,6246,7230,1935,4311,1837,5393,3772,9704,13060,6402,6658,416,13060,5921,868,5566,705,416
0500000US51700,"Newport News city, Virginia",185069,89711,95358,25652,64059,24150,71208,49802,135267,176740,56457,120283,8329,176740,73823,16726,71884,14307,8329
0500000US51710,"Norfolk city, Virginia",238556,124788,113768,28784,96004,27290,86478,56074,182482,212572,71469,141103,25984,212572,88069,16882,90757,16864,25984
0500000US51720,"Norton city, Virginia",3696,1735,1961,477,1258,379,1582,856,2840,3642,1610,2032,54,3642,78,0,3524,40,54
0500000US51730,"Petersburg city, Virginia",33229,15367,17862,4230,11137,3742,14120,7972,25257,32792,13721,19071,437,32792,25258,1655,4795,1084,437
0500000US51735,"Poquoson city, Virginia",12382,6209,6173,1531,4678,1432,4741,2963,9419,12332,1197,11135,50,12332,163,396,11156,617,50
0500000US51740,"Portsmouth city, Virginia",97454,47135,50319,12688,34447,12206,38113,24894,72560,93571,32906,60665,3883,93571,48924,4381,34135,6131,3883
0500000US51750,"Radford city, Virginia",16205,7450,8755,1971,5479,2510,6245,4481,11724,13340,6636,6704,2865,13340,747,327,11732,534,2865
0500000US51760,"Richmond city, Virginia",225676,107281,118395,23381,83900,23960,94435,47341,178335,216341,76425,139916,9335,216341,98515,15405,90170,12251,9335
0500000US51770,"Roanoke city, Virginia",99578,47432,52146,12013,35419,11923,40223,23936,75642,98079,35515,62564,1499,98079,28836,6585,56129,6529,1499
0500000US51775,"Salem city, Virginia",25335,12065,13270,3150,8915,3038,10232,6188,19147,22834,5474,17360,2501,22834,1438,798,19440,1158,2501
0500000US51790,"Staunton city, Virginia",25358,11684,13674,2673,9011,2804,10870,5477,19881,24080,7190,16890,1278,24080,2445,749,19687,1199,1278
0500000US51800,"Suffolk city, Virginia",93268,45422,47846,12638,32784,11916,35930,24554,68714,92611,19968,72643,657,92611,38132,4322,44875,5282,657
0500000US51810,"Virginia Beach city, Virginia",457658,225629,232029,57753,167876,54362,177667,112115,345543,447604,79280,368324,10054,447604,84260,37805,271536,54003,10054
0500000US51820,"Waynesboro city, Virginia",22149,10810,11339,2909,7901,2537,8802,5446,16703,21863,6921,14942,286,21863,2445,1978,16120,1320,286
0500000US51830,"Williamsburg city, Virginia",15299,7148,8151,2311,4837,2211,5940,4522,10777,10687,3026,7661,4612,10687,2094,818,7411,364,4612
0500000US51840,"Winchester city, Virginia",28194,13798,14396,3847,9951,3971,10425,7818,20376,27162,8024,19138,1032,27162,2584,5062,17394,2122,1032
0500000US53001,"Adams County, Washington",20353,10423,9930,4029,6394,3778,6152,7807,12546,20139,8373,11766,214,20139,57,13099,6483,500,214
0500000US53003,"Asotin County, Washington",22285,11044,11241,2533,8511,2493,8748,5026,17259,22048,7493,14555,237,22048,202,1003,19543,1300,237
0500000US53005,"Benton County, Washington",204551,102905,101646,30656,72249,28824,72822,59480,145071,202487,46630,155857,2064,202487,3412,46357,138890,13828,2064
0500000US53007,"Chelan County, Washington",78508,39511,38997,10550,28961,9640,29357,20190,58318,77641,21445,56196,867,77641,323,22119,51947,3252,867
0500000US53009,"Clallam County, Washington",76727,37984,38743,7471,30513,6820,31923,14291,62436,75766,20248,55518,961,75766,769,5325,61586,8086,961
0500000US53011,"Clark County, Washington",496494,246690,249804,66093,180597,63077,186727,129170,367324,491742,97630,394112,4752,491742,8896,50784,376135,55927,4752
0500000US53013,"Columbia County, Washington",3969,1938,2031,355,1583,415,1616,770,3199,3930,942,2988,39,3930,56,317,3259,298,39
0500000US53015,"Cowlitz County, Washington",109457,54499,54958,14009,40490,13446,41512,27455,82002,108004,29440,78564,1453,108004,961,10333,88373,8337,1453
0500000US53017,"Douglas County, Washington",42622,21720,20902,6224,15496,5767,15135,11991,30631,42423,10418,32005,199,42423,227,13827,26461,1908,199
0500000US53019,"Ferry County, Washington",7198,3678,3520,787,2891,632,2888,1419,5779,7124,2733,4391,74,7124,6,76,5160,1882,74
0500000US53021,"Franklin County, Washington",95313,49298,46015,16842,32456,16705,29310,33547,61766,92464,28791,63673,2849,92464,2029,50042,35996,4397,2849
0500000US53023,"Garfield County, Washington",2278,1170,1108,292,878,265,843,557,1721,2253,598,1655,25,2253,0,42,2058,153,25
0500000US53025,"Grant County, Washington",97874,49948,47926,16027,33921,15558,32368,31585,66289,96998,30425,66573,876,96998,960,41325,50302,4411,876
0500000US53027,"Grays Harbor County, Washington",74737,38474,36263,8449,30025,8320,27943,16769,57968,71074,22766,48308,3663,71074,299,7627,56286,6862,3663
0500000US53029,"Island County, Washington",85938,42885,43053,8705,34180,8672,34381,17377,68561,83041,15849,67192,2897,83041,2009,6359,65747,8926,2897
0500000US53031,"Jefferson County, Washington",32590,16000,16590,2152,13848,2072,14518,4224,28366,31878,8238,23640,712,31878,161,1203,27930,2584,712
0500000US53033,"King County, Washington",2240876,1132224,1108652,255085,877139,245495,863157,500580,1740296,2210498,360154,1850344,30378,2210498,141956,220773,1263555,584214,30378
0500000US53035,"Kitsap County, Washington",273072,140306,132766,31898,108408,29517,103249,61415,211657,264476,47695,216781,8596,264476,7212,21413,200264,35587,8596
0500000US53037,"Kittitas County, Washington",44147,22251,21896,5290,16961,5209,16687,10499,33648,41591,11794,29797,2556,41591,360,3719,34211,3301,2556
0500000US53039,"Klickitat County, Washington",22478,11483,10995,2554,8929,2101,8894,4655,17823,22405,7354,15051,73,22405,153,2692,18287,1273,73
0500000US53041,"Lewis County, Washington",81214,40957,40257,10219,30738,9246,31011,19465,61749,79978,23078,56900,1236,79978,452,8479,65871,5176,1236
0500000US53043,"Lincoln County, Washington",10798,5438,5360,1352,4086,1255,4105,2607,8191,10673,2724,7949,125,10673,66,396,9655,556,125
0500000US53045,"Mason County, Washington",64964,34013,30951,7528,26485,6614,24337,14142,50822,63801,17597,46204,1163,63801,367,6849,50183,6402,1163
0500000US53047,"Okanogan County, Washington",41966,21354,20612,5388,15966,5062,15550,10450,31516,41345,16214,25131,621,41345,92,8673,26168,6412,621
0500000US53049,"Pacific County, Washington",22974,11446,11528,2226,9220,1919,9609,4145,18829,22576,7480,15096,398,22576,86,2192,18111,2187,398
0500000US53051,"Pend Oreille County, Washington",13302,6834,6468,1476,5358,1362,5106,2838,10464,13172,3733,9439,130,13172,33,564,11291,1284,130
0500000US53053,"Pierce County, Washington",910225,456387,453838,120508,335879,114024,339814,234532,675693,892235,177294,714941,17990,892235,61275,103105,578249,149606,17990
0500000US53055,"San Juan County, Washington",17631,8619,9012,1282,7337,1281,7731,2563,15068,17419,4090,13329,212,17419,150,1154,15338,777,212
0500000US53057,"Skagit County, Washington",128228,63740,64488,15665,48075,14935,49553,30600,97628,126466,27130,99336,1762,126466,849,23876,92220,9521,1762
0500000US53059,"Skamania County, Washington",11973,6009,5964,1238,4771,1223,4741,2461,9512,11875,2629,9246,98,11875,6,808,10197,864,98
0500000US53061,"Snohomish County, Washington",820024,413403,406621,103834,309569,98281,308340,202115,617909,809010,131724,677286,11014,809010,26502,87201,541394,153913,11014
0500000US53063,"Spokane County, Washington",531477,265085,266392,67616,197469,64072,202320,131688,399789,516542,139161,377381,14935,516542,8966,31363,431264,44949,14935
0500000US53065,"Stevens County, Washington",46057,23066,22991,5599,17467,5234,17757,10833,35224,45549,13400,32149,508,45549,163,1778,39067,4541,508
0500000US53067,"Thurston County, Washington",290642,143137,147505,35501,107636,33189,114316,68690,221952,287029,61296,225733,3613,287029,8242,27590,209509,41688,3613
0500000US53069,"Wahkiakum County, Washington",4373,2172,2201,477,1695,387,1814,864,3509,4332,1428,2904,41,4332,53,346,3564,369,41
0500000US53071,"Walla Walla County, Washington",62168,31847,30321,8063,23784,7806,22515,15869,46299,57201,16323,40878,4967,57201,638,12699,41416,2448,4967
0500000US53073,"Whatcom County, Washington",224533,111447,113086,26098,85349,25118,87968,51216,173317,218983,55795,163188,5550,218983,1994,21714,170143,25132,5550
0500000US53075,"Whitman County, Washington",48197,24645,23552,6399,18246,7161,16391,13560,34637,41167,17213,23954,7030,41167,771,2242,32363,5791,7030
0500000US53077,"Yakima County, Washington",255151,127934,127217,42566,85368,40589,86628,83155,171996,251422,97037,154385,3729,251422,2380,127649,104155,17238,3729
0500000US54001,"Barbour County, West Virginia",15600,7678,7922,2021,5657,1830,6092,3851,11749,14958,5757,9201,642,14958,67,128,14057,706,642
0500000US54003,"Berkeley County, West Virginia",120460,59863,60597,15680,44183,15009,45588,30689,89771,118979,28918,90061,1481,118979,8339,5863,98238,6539,1481
0500000US54005,"Boone County, West Virginia",22059,11084,10975,2718,8366,2452,8523,5170,16889,21731,7481,14250,328,21731,119,64,21185,363,328
0500000US54007,"Braxton County, West Virginia",12702,6541,6161,1518,5023,1201,4960,2719,9983,12352,5391,6961,350,12352,90,54,11210,998,350
0500000US54009,"Brooke County, West Virginia",22603,11216,11387,2662,8554,2382,9005,5044,17559,21645,6349,15296,958,21645,170,222,20613,640,958
0500000US54011,"Cabell County, West Virginia",94622,46485,48137,11506,34979,10638,37499,22144,72478,90650,35625,55025,3972,90650,3950,1364,81343,3993,3972
0500000US54013,"Calhoun County, West Virginia",6420,3175,3245,621,2554,714,2531,1335,5085,6357,3140,3217,63,6357,0,3,6270,84,63
0500000US54015,"Clay County, West Virginia",8176,4105,4071,1081,3024,1046,3025,2127,6049,8046,4001,4045,130,8046,4,11,7990,41,130
0500000US54017,"Doddridge County, West Virginia",7929,4371,3558,801,3570,849,2709,1650,6279,7099,2156,4943,830,7099,3,40,6952,104,830
0500000US54019,"Fayette County, West Virginia",41056,20745,20311,4846,15899,4540,15771,9386,31670,39591,16141,23450,1465,39591,1866,490,36601,634,1465
0500000US54021,"Gilmer County, West Virginia",7516,4399,3117,706,3693,912,2205,1618,5898,6020,1791,4229,1496,6020,216,159,5415,230,1496
0500000US54023,"Grant County, West Virginia",11063,5556,5507,1240,4316,1206,4301,2446,8617,10958,3534,7424,105,10958,192,33,10538,195,105
0500000US54025,"Greenbrier County, West Virginia",33307,16360,16947,3693,12667,3429,13518,7122,26185,32663,12401,20262,644,32663,588,661,29920,1494,644
0500000US54027,"Hampshire County, West Virginia",23214,11890,11324,2644,9246,2471,8853,5115,18099,22503,7315,15188,711,22503,91,252,21369,791,711
0500000US54029,"Hancock County, West Virginia",29223,14337,14886,3251,11086,2784,12102,6035,23188,28759,8342,20417,464,28759,558,465,26781,955,464
0500000US54031,"Hardy County, West Virginia",14269,7486,6783,1754,5732,1414,5369,3168,11101,14158,5806,8352,111,14158,558,674,12754,172,111
0500000US54033,"Harrison County, West Virginia",66222,32654,33568,8061,24593,7582,25986,15643,50579,64884,19835,45049,1338,64884,795,1138,60583,2368,1338
0500000US54035,"Jackson County, West Virginia",28011,13893,14118,3423,10470,3168,10950,6591,21420,27760,9045,18715,251,27760,71,285,26776,628,251
0500000US54037,"Jefferson County, West Virginia",57542,28602,28940,7277,21325,6962,21978,14239,43303,56039,10842,45197,1503,56039,2855,3512,46127,3545,1503
0500000US54039,"Kanawha County, West Virginia",181953,88180,93773,20420,67760,19991,73782,40411,141542,179117,57937,121180,2836,179117,11914,2036,156369,8798,2836
0500000US54041,"Lewis County, West Virginia",16966,8474,8492,2031,6443,1881,6611,3912,13054,16618,5800,10818,348,16618,8,228,15656,726,348
0500000US54043,"Lincoln County, West Virginia",20625,10279,10346,2597,7682,2352,7994,4949,15676,20446,8492,11954,179,20446,122,143,19837,344,179
0500000US54045,"Logan County, West Virginia",32786,16215,16571,3837,12378,3602,12969,7439,25347,32183,15443,16740,603,32183,413,330,30935,505,603
0500000US54047,"McDowell County, West Virginia",19334,9717,9617,2217,7500,1960,7657,4177,15157,17945,10382,7563,1389,17945,1027,122,16466,330,1389
0500000US54049,"Marion County, West Virginia",56256,28061,28195,6832,21229,6246,21949,13078,43178,55045,16911,38134,1211,55045,1652,749,50801,1843,1211
0500000US54051,"Marshall County, West Virginia",30813,15453,15360,3384,12069,3143,12217,6527,24286,30183,10086,20097,630,30183,156,262,28968,797,630
0500000US54053,"Mason County, West Virginia",25667,12573,13094,3143,9430,2706,10388,5849,19818,24901,8555,16346,766,24901,82,202,23882,735,766
0500000US54055,"Mercer County, West Virginia",59892,28849,31043,7153,21696,6852,24191,14005,45887,58437,23748,34689,1455,58437,3345,697,52579,1816,1455
0500000US54057,"Mineral County, West Virginia",27045,13582,13463,3253,10329,2942,10521,6195,20850,26167,6577,19590,878,26167,664,271,24433,799,878
0500000US54059,"Mingo County, West Virginia",23821,11671,12150,3047,8624,2705,9445,5752,18069,23719,11709,12010,102,23719,646,39,22695,339,102
0500000US54061,"Monongalia County, West Virginia",105695,54633,51062,12283,42350,11000,40062,23283,82412,100002,31618,68384,5693,100002,3365,2080,87759,6798,5693
0500000US54063,"Monroe County, West Virginia",12492,6437,6055,1682,4755,1234,4821,2916,9576,12431,4767,7664,61,12431,70,139,11906,316,61
0500000US54065,"Morgan County, West Virginia",17144,8661,8483,1815,6846,1851,6632,3666,13478,16997,4408,12589,147,16997,42,267,16017,671,147
0500000US54067,"Nicholas County, West Virginia",24770,12415,12355,2774,9641,2566,9789,5340,19430,24630,9207,15423,140,24630,63,60,23835,672,140
0500000US54069,"Ohio County, West Virginia",42443,20516,21927,4885,15631,4812,17115,9697,32746,40193,12536,27657,2250,40193,1221,412,36891,1669,2250
0500000US54071,"Pendleton County, West Virginia",6249,3160,3089,654,2506,600,2489,1254,4995,6169,2147,4022,80,6169,235,86,5753,95,80
0500000US54073,"Pleasants County, West Virginia",7623,4169,3454,863,3306,736,2718,1599,6024,7075,1992,5083,548,7075,0,82,6957,36,548
0500000US54075,"Pocahontas County, West Virginia",8006,4062,3944,715,3347,903,3041,1618,6388,7722,3158,4564,284,7722,3,21,7629,69,284
0500000US54077,"Preston County, West Virginia",34266,17808,16458,3640,14168,3404,13054,7044,27222,31385,8950,22435,2881,31385,127,97,30335,826,2881
0500000US54079,"Putnam County, West Virginia",57385,28313,29072,7485,20828,6633,22439,14118,43267,56913,12974,43939,472,56913,530,722,53734,1927,472
0500000US54081,"Raleigh County, West Virginia",74929,37938,36991,9073,28865,8322,28669,17395,57534,72076,27828,44248,2853,72076,4787,1102,63475,2712,2853
0500000US54083,"Randolph County, West Virginia",28150,14679,13471,3085,11594,2916,10555,6001,22149,25911,8673,17238,2239,25911,251,210,23896,1554,2239
0500000US54085,"Ritchie County, West Virginia",8676,4319,4357,975,3344,974,3383,1949,6727,8454,3098,5356,222,8454,13,11,8202,228,222
0500000US54087,"Roane County, West Virginia",14129,7003,7126,1668,5335,1728,5398,3396,10733,14031,6570,7461,98,14031,12,169,13397,453,98
0500000US54089,"Summers County, West Virginia",12125,5729,6396,1157,4572,1072,5324,2229,9896,11366,4303,7063,759,11366,302,210,10627,227,759
0500000US54091,"Taylor County, West Virginia",16727,8395,8332,1861,6534,1759,6573,3620,13107,16374,5496,10878,353,16374,170,155,15684,365,353
0500000US54093,"Tucker County, West Virginia",6822,3474,3348,642,2832,531,2817,1173,5649,6604,1811,4793,218,6604,5,6,6438,155,218
0500000US54095,"Tyler County, West Virginia",8397,4214,4183,934,3280,898,3285,1832,6565,8243,2296,5947,154,8243,43,84,7984,132,154
0500000US54097,"Upshur County, West Virginia",23965,11936,12029,2916,9020,2884,9145,5800,18165,22759,9148,13611,1206,22759,275,258,21608,618,1206
0500000US54099,"Wayne County, West Virginia",39337,19394,19943,4614,14780,4408,15535,9022,30315,39151,13806,25345,186,39151,242,277,37733,899,186
0500000US54101,"Webster County, West Virginia",8415,4158,4257,881,3277,898,3359,1779,6636,8344,4094,4250,71,8344,0,29,8203,112,71
0500000US54103,"Wetzel County, West Virginia",14629,7201,7428,1740,5461,1533,5895,3273,11356,14309,5424,8885,320,14309,7,140,13814,348,320
0500000US54105,"Wirt County, West Virginia",5264,2603,2661,598,2005,632,2029,1230,4034,5251,1963,3288,13,5251,59,0,5078,114,13
0500000US54107,"Wood County, West Virginia",84678,41355,43323,10152,31203,9559,33764,19711,64967,83411,26828,56583,1267,83411,922,983,79216,2290,1267
0500000US54109,"Wyoming County, West Virginia",21581,10657,10924,2471,8186,2399,8525,4870,16711,21335,9705,11630,246,21335,297,125,20743,170,246
0500000US55001,"Adams County, Wisconsin",20505,11068,9437,1700,9368,1569,7868,3269,17236,19299,5771,13528,1206,19299,95,741,17725,738,1206
0500000US55003,"Ashland County, Wisconsin",16002,8230,7772,2210,6020,1806,5966,4016,11986,15394,5012,10382,608,15394,91,514,12635,2154,608
0500000US55005,"Barron County, Wisconsin",46529,23512,23017,5610,17902,5392,17625,11002,35527,45758,13184,32574,771,45758,783,1288,42252,1435,771
0500000US55007,"Bayfield County, Wisconsin",16031,8280,7751,1638,6642,1381,6370,3019,13012,15878,3918,11960,153,15878,173,375,13353,1977,153
0500000US55009,"Brown County, Wisconsin",267364,133385,133979,36206,97179,34637,99342,70843,196521,259825,58740,201085,7539,259825,5828,24350,206549,23098,7539
0500000US55011,"Buffalo County, Wisconsin",13314,6806,6508,1478,5328,1498,5010,2976,10338,13204,2807,10397,110,13204,92,320,12558,234,110
0500000US55013,"Burnett County, Wisconsin",16356,8438,7918,1728,6710,1430,6488,3158,13198,16157,4642,11515,199,16157,96,324,14597,1140,199
0500000US55015,"Calumet County, Wisconsin",52128,26363,25765,6903,19460,6514,19251,13417,38711,51908,7983,43925,220,51908,429,2389,46699,2391,220
0500000US55017,"Chippewa County, Wisconsin",65877,34393,31484,8021,26372,7873,23611,15894,49983,63046,16457,46589,2831,63046,368,1010,59575,2093,2831
0500000US55019,"Clark County, Wisconsin",34655,17622,17033,5695,11927,5460,11573,11155,23500,33985,10232,23753,670,33985,242,1856,31248,639,670
0500000US55021,"Columbia County, Wisconsin",58219,29998,28221,7096,22902,6501,21720,13597,44622,56778,10131,46647,1441,56778,584,2128,52547,1519,1441
0500000US55023,"Crawford County, Wisconsin",16167,8415,7752,1899,6516,1698,6054,3597,12570,15407,4332,11075,760,15407,64,202,14737,404,760
0500000US55025,"Dane County, Wisconsin",555474,277435,278039,66993,210442,64201,213838,131194,424280,541910,106532,435378,13564,541910,27086,36318,424182,54324,13564
0500000US55027,"Dodge County, Wisconsin",89274,47210,42064,10441,36769,9420,32644,19861,69413,85138,17051,68087,4136,85138,1105,4274,77142,2617,4136
0500000US55029,"Door County, Wisconsin",29713,14702,15011,2811,11891,2702,12309,5513,24200,29379,5571,23808,334,29379,126,1051,27399,803,334
0500000US55031,"Douglas County, Wisconsin",44034,22161,21873,5074,17087,4764,17109,9838,34196,42882,10215,32667,1152,42882,448,717,39135,2582,1152
0500000US55033,"Dunn County, Wisconsin",45254,22822,22432,5894,16928,5682,16750,11576,33678,41562,11486,30076,3692,41562,257,804,38434,2067,3692
0500000US55035,"Eau Claire County, Wisconsin",105206,52293,52913,13145,39148,12871,40042,26016,79190,101231,23656,77575,3975,101231,1264,2673,90127,7167,3975
0500000US55037,"Florence County, Wisconsin",4542,2320,2222,418,1902,363,1859,781,3761,4489,1187,3302,53,4489,19,8,4326,136,53
0500000US55039,"Fond du Lac County, Wisconsin",103890,51389,52501,12411,38978,12489,40012,24900,78990,100453,18922,81531,3437,100453,1459,5642,89152,4200,3437
0500000US55041,"Forest County, Wisconsin",9184,4674,4510,1040,3634,1001,3509,2041,7143,8937,2794,6143,247,8937,15,235,6980,1707,247
0500000US55043,"Grant County, Wisconsin",52210,27156,25054,7355,19801,6605,18449,13960,38250,48749,14156,34593,3461,48749,497,867,46352,1033,3461
0500000US55045,"Green County, Wisconsin",37098,18640,18458,4631,14009,4350,14108,8981,28117,36481,7393,29088,617,36481,169,1127,34267,918,617
0500000US55047,"Green Lake County, Wisconsin",18990,9622,9368,2379,7243,2244,7124,4623,14367,18698,5229,13469,292,18698,169,998,17123,408,292
0500000US55049,"Iowa County, Wisconsin",23715,12013,11702,3054,8959,2773,8929,5827,17888,23489,4202,19287,226,23489,220,486,22060,723,226
0500000US55051,"Iron County, Wisconsin",6074,3052,3022,504,2548,527,2495,1031,5043,5948,1773,4175,126,5948,2,88,5660,198,126
0500000US55053,"Jackson County, Wisconsin",21004,11314,9690,2618,8696,2429,7261,5047,15957,19751,6141,13610,1253,19751,46,695,17332,1678,1253
0500000US55055,"Jefferson County, Wisconsin",84808,42649,42159,10666,31983,10111,32048,20777,64031,81844,15349,66495,2964,81844,590,6100,73023,2131,2964
0500000US55057,"Juneau County, Wisconsin",26595,14297,12298,3060,11237,2794,9504,5854,20741,25156,7406,17750,1439,25156,267,797,22979,1113,1439
0500000US55059,"Kenosha County, Wisconsin",168743,83811,84932,22203,61608,21152,63780,43355,125388,164484,38506,125978,4259,164484,10582,22995,121620,9287,4259
0500000US55061,"Kewaunee County, Wisconsin",20535,10453,10082,2445,8008,2343,7739,4788,15747,20355,3850,16505,180,20355,145,673,19090,447,180
0500000US55063,"La Crosse County, Wisconsin",120291,58969,61322,14348,44621,14704,46618,29052,91239,115515,27856,87659,4776,115515,1863,2450,102539,8663,4776
0500000US55065,"Lafayette County, Wisconsin",16662,8469,8193,2286,6183,2146,6047,4432,12230,16522,4322,12200,140,16522,78,707,15429,308,140
0500000US55067,"Langlade County, Wisconsin",19469,9856,9613,2207,7649,2068,7545,4275,15194,19218,4994,14224,251,19218,97,453,17947,721,251
0500000US55069,"Lincoln County, Wisconsin",28378,14383,13995,2977,11406,2804,11191,5781,22597,27769,6757,21012,609,27769,84,502,26399,784,609
0500000US55071,"Manitowoc County, Wisconsin",81103,40887,40216,9644,31243,8868,31348,18512,62591,80165,18243,61922,938,80165,988,3603,71574,4000,938
0500000US55073,"Marathon County, Wisconsin",137597,69333,68264,17730,51603,16826,51438,34556,103041,135660,26803,108857,1937,135660,686,4057,119554,11363,1937
0500000US55075,"Marinette County, Wisconsin",41720,21126,20594,4503,16623,4269,16325,8772,32948,40839,10909,29930,881,40839,219,830,38803,987,881
0500000US55077,"Marquette County, Wisconsin",15515,7957,7558,1745,6212,1547,6011,3292,12223,15366,4159,11207,149,15366,101,570,14277,418,149
0500000US55078,"Menominee County, Wisconsin",4318,2160,2158,790,1370,744,1414,1534,2784,4290,1724,2566,28,4290,4,342,432,3512,28
0500000US55079,"Milwaukee County, Wisconsin",939123,456574,482549,128950,327624,124098,358451,253048,686075,917843,316068,601775,21280,917843,244084,146417,452427,74915,21280
0500000US55081,"Monroe County, Wisconsin",46091,23740,22351,6584,17156,6084,16267,12668,33423,45131,12241,32890,960,45131,720,2195,40505,1711,960
0500000US55083,"Oconto County, Wisconsin",38691,19825,18866,4364,15461,4156,14710,8520,30171,38166,7986,30180,525,38166,114,781,35969,1302,525
0500000US55085,"Oneida County, Wisconsin",37468,18857,18611,3693,15164,3500,15111,7193,30275,36791,7980,28811,677,36791,109,611,34860,1211,677
0500000US55087,"Outagamie County, Wisconsin",189620,95118,94502,25204,69914,23926,70576,49130,140490,186198,32010,154188,3422,186198,2562,8475,161460,13701,3422
0500000US55089,"Ozaukee County, Wisconsin",91029,45083,45946,11326,33757,10750,35196,22076,68953,88874,11057,77817,2155,88874,1129,2930,80425,4390,2155
0500000US55091,"Pepin County, Wisconsin",7328,3749,3579,877,2872,797,2782,1674,5654,7248,1714,5534,80,7248,18,160,6951,119,80
0500000US55093,"Pierce County, Wisconsin",42204,20979,21225,5427,15552,5600,15625,11027,31177,39536,7263,32273,2668,39536,262,910,37012,1352,2668
0500000US55095,"Polk County, Wisconsin",44806,22729,22077,5231,17498,4919,17158,10150,34656,44198,9480,34718,608,44198,121,837,41791,1449,608
0500000US55097,"Portage County, Wisconsin",70378,35798,34580,8705,27093,8110,26470,16815,53563,67194,14543,52651,3184,67194,472,2384,60707,3631,3184
0500000US55099,"Price County, Wisconsin",14003,7237,6766,1443,5794,1349,5417,2792,11211,13795,4053,9742,208,13795,54,279,12954,508,208
0500000US55101,"Racine County, Wisconsin",197379,98309,99070,25882,72427,24538,74532,50420,146959,191665,47458,144207,5714,191665,20883,26953,135570,8259,5714
0500000US55103,"Richland County, Wisconsin",17353,8659,8694,2060,6599,2167,6527,4227,13126,17003,4620,12383,350,17003,78,447,15888,590,350
0500000US55105,"Rock County, Wisconsin",163522,81072,82450,21667,59405,20462,61988,42129,121393,160292,37661,122631,3230,160292,7627,15137,130478,7050,3230
0500000US55107,"Rusk County, Wisconsin",14182,7194,6988,1621,5573,1581,5407,3202,10980,13930,4153,9777,252,13930,82,295,13159,394,252
0500000US55109,"St. Croix County, Wisconsin",92495,46615,45880,12914,33701,12033,33847,24947,67548,91535,11969,79566,960,91535,579,2349,85084,3523,960
0500000US55111,"Sauk County, Wisconsin",65428,32661,32767,8339,24322,8035,24732,16374,49054,64346,14242,50104,1082,64346,402,3544,57983,2417,1082
0500000US55113,"Sawyer County, Wisconsin",17813,9202,8611,1908,7294,1812,6799,3720,14093,17431,5034,12397,382,17431,36,501,13444,3450,382
0500000US55115,"Shawano County, Wisconsin",40836,20540,20296,4878,15662,4703,15593,9581,31255,40076,9841,30235,760,40076,95,1235,34475,4271,760
0500000US55117,"Sheboygan County, Wisconsin",117528,59639,57889,14821,44818,13842,44047,28663,88865,114510,22829,91681,3018,114510,1761,7829,95439,9481,3018
0500000US55119,"Taylor County, Wisconsin",19960,10148,9812,2605,7543,2534,7278,5139,14821,19671,5440,14231,289,19671,27,451,18765,428,289
0500000US55121,"Trempealeau County, Wisconsin",30504,15553,14951,4279,11274,4082,10869,8361,22143,29999,7076,22923,505,29999,125,2766,26605,503,505
0500000US55123,"Vernon County, Wisconsin",30719,15617,15102,4591,11026,4190,10912,8781,21938,30333,8776,21557,386,30333,48,501,28990,794,386
0500000US55125,"Vilas County, Wisconsin",22813,11713,11100,2234,9479,2005,9095,4239,18574,22513,6194,16319,300,22513,60,597,19103,2753,300
0500000US55127,"Walworth County, Wisconsin",105945,53130,52815,13213,39917,12338,40477,25551,80394,103298,22050,81248,2647,103298,758,11976,87352,3212,2647
0500000US55129,"Washburn County, Wisconsin",16561,8310,8251,1776,6534,1647,6604,3423,13138,16360,4683,11677,201,16360,90,296,15354,620,201
0500000US55131,"Washington County, Wisconsin",136300,68134,68166,16498,51636,16164,52002,32662,103638,135433,16390,119043,867,135433,1798,4595,124685,4355,867
0500000US55133,"Waukesha County, Wisconsin",405332,200798,204534,49761,151037,47096,157438,96857,308475,400260,45040,355220,5072,400260,6011,20164,349058,25027,5072
0500000US55135,"Waupaca County, Wisconsin",51769,26408,25361,6032,20376,5617,19744,11649,40120,50304,11079,39225,1465,50304,289,1700,47206,1109,1465
0500000US55137,"Waushara County, Wisconsin",24527,13035,11492,2505,10530,2448,9044,4953,19574,23264,5680,17584,1263,23264,112,1479,21108,565,1263
0500000US55139,"Winnebago County, Wisconsin",171304,86741,84563,20629,66112,20223,64340,40852,130452,163598,39070,124528,7706,163598,3216,7105,143517,9760,7706
0500000US55141,"Wood County, Wisconsin",74107,36791,37316,8987,27804,8730,28586,17717,56390,73225,19423,53802,882,73225,480,2469,66995,3281,882
0500000US56001,"Albany County, Wyoming",37311,19570,17741,4277,15293,4049,13692,8326,28985,34927,13017,21910,2384,34927,316,3441,28470,2700,2384
0500000US56003,"Big Horn County, Wyoming",11671,5955,5716,1696,4259,1592,4124,3288,8383,11428,3220,8208,243,11428,58,1081,9919,370,243
0500000US56005,"Campbell County, Wyoming",46758,23875,22883,6988,16887,6863,16020,13851,32907,45982,8888,37094,776,45982,127,3987,39856,2012,776
0500000US56007,"Carbon County, Wyoming",14714,7931,6783,2003,5928,1722,5061,3725,10989,14055,4390,9665,659,14055,131,2626,10813,485,659
0500000US56009,"Converse County, Wyoming",13702,7177,6525,1947,5230,1738,4787,3685,10017,13557,2669,10888,145,13557,30,1141,11967,419,145
0500000US56011,"Crook County, Wyoming",7185,3588,3597,850,2738,998,2599,1848,5337,7085,1341,5744,100,7085,0,178,6590,317,100
0500000US56013,"Fremont County, Wyoming",39434,19916,19518,5754,14162,5288,14230,11042,28392,38567,12523,26044,867,38567,181,2923,26556,8907,867
0500000US56015,"Goshen County, Wyoming",12642,6598,6044,1459,5139,1487,4557,2946,9696,11783,2828,8955,859,11783,54,1290,10041,398,859
0500000US56017,"Hot Springs County, Wyoming",4673,2322,2351,578,1744,509,1842,1087,3586,4556,1406,3150,117,4556,0,140,4198,218,117
0500000US56019,"Johnson County, Wyoming",8457,4404,4053,1059,3345,896,3157,1955,6502,8370,2499,5871,87,8370,61,260,7547,502,87
0500000US56021,"Laramie County, Wyoming",99905,50795,49110,13024,37771,12562,36548,25586,74319,97861,21271,76590,2044,97861,2260,14910,75840,4851,2044
0500000US56023,"Lincoln County, Wyoming",19457,9927,9530,2920,7007,2682,6848,5602,13855,19333,3189,16144,124,19333,11,939,17761,622,124
0500000US56025,"Natrona County, Wyoming",79382,40304,39078,10952,29352,10005,29073,20957,58425,77680,18062,59618,1702,77680,542,6922,66738,3478,1702
0500000US56027,"Niobrara County, Wyoming",2486,1094,1392,239,855,264,1128,503,1983,2244,820,1424,242,2244,13,122,2024,85,242
0500000US56029,"Park County, Wyoming",29664,14708,14956,3573,11135,3407,11549,6980,22684,29150,6689,22461,514,29150,189,1649,26398,914,514
0500000US56031,"Platte County, Wyoming",8607,4453,4154,943,3510,769,3385,1712,6895,8449,2285,6164,158,8449,37,717,7198,497,158
0500000US56033,"Sheridan County, Wyoming",30812,15366,15446,3721,11645,3782,11664,7503,23309,30025,6593,23432,787,30025,120,1306,27326,1273,787
0500000US56035,"Sublette County, Wyoming",8830,4966,3864,1363,3603,901,2963,2264,6566,8793,1489,7304,37,8793,1,641,7917,234,37
0500000US56037,"Sweetwater County, Wyoming",42459,21850,20609,6235,15615,5903,14706,12138,30321,41941,8490,33451,518,41941,484,6788,32823,1846,518
0500000US56039,"Teton County, Wyoming",23319,12280,11039,2551,9729,2168,8871,4719,18600,23240,4167,19073,79,23240,166,3479,18578,1017,79
0500000US56041,"Uinta County, Wyoming",20514,10437,10077,3254,7183,2960,7117,6214,14300,20267,4806,15461,247,20267,50,1943,17646,628,247
0500000US56043,"Washakie County, Wyoming",7768,4004,3764,1097,2907,862,2902,1959,5809,7593,1814,5779,175,7593,0,1088,6234,271,175
0500000US56045,"Weston County, Wyoming",6891,3684,3207,888,2796,729,2478,1617,5274,6496,1469,5027,395,6496,16,78,5754,648,395
0500000US72001,"Adjuntas Municipio, Puerto Rico",18068,8810,9258,1974,6836,1928,7330,3902,14166,18016,15720,2296,52,18016,266,17928,88,-266,52
0500000US72003,"Aguada Municipio, Puerto Rico",38307,18726,19581,3730,14996,3677,15904,7407,30900,38224,28721,9503,83,38224,688,35978,1770,-212,83
0500000US72005,"Aguadilla Municipio, Puerto Rico",55241,26751,28490,6018,20733,5471,23019,11489,43752,54546,39338,15208,695,54546,1858,53515,747,-1574,695
0500000US72007,"Aguas Buenas Municipio, Puerto Rico",24567,12006,12561,2735,9271,2363,10198,5098,19469,24447,18061,6386,120,24447,1596,24294,79,-1522,120
0500000US72009,"Aibonito Municipio, Puerto Rico",24565,11755,12810,2524,9231,2437,10373,4961,19604,24549,18451,6098,16,24549,3475,24493,56,-3475,16
0500000US72011,"Añasco Municipio, Puerto Rico",25859,12474,13385,2616,9858,2451,10934,5067,20792,25759,18076,7683,100,25759,702,24647,932,-522,100
0500000US72013,"Arecibo Municipio, Puerto Rico",88017,41920,46097,9140,32780,8596,37501,17736,70281,87347,64983,22364,670,87347,2817,86706,459,-2635,670
0500000US72015,"Arroyo Municipio, Puerto Rico",16183,7532,8651,2108,5424,1775,6876,3883,12300,16167,12824,3343,16,16167,4033,16094,59,-4019,16
0500000US72017,"Barceloneta Municipio, Puerto Rico",22836,10792,12044,2534,8258,2394,9650,4928,17908,22830,15273,7557,6,22830,930,22704,80,-884,6
0500000US72019,"Barranquitas Municipio, Puerto Rico",28982,14275,14707,3495,10780,3382,11325,6877,22105,28766,21706,7060,216,28766,2109,28727,29,-2099,216
0500000US72021,"Bayamón Municipio, Puerto Rico",185939,87282,98657,18639,68643,17639,81018,36278,149661,181209,107558,73651,4730,181209,13072,179229,1084,-12176,4730
0500000US72023,"Cabo Rojo Municipio, Puerto Rico",47403,22422,24981,4627,17795,4568,20413,9195,38208,47201,35861,11340,202,47201,1820,46800,214,-1633,202
0500000US72025,"Caguas Municipio, Puerto Rico",128182,59440,68742,13284,46156,12963,55779,26247,101935,127498,77844,49654,684,127498,11507,125106,1637,-10752,684
0500000US72027,"Camuy Municipio, Puerto Rico",32885,15677,17208,3303,12374,3293,13915,6596,26289,32707,24073,8634,178,32707,461,32483,222,-459,178
0500000US72029,"Canóvanas Municipio, Puerto Rico",42811,20523,22288,4927,15596,4465,17823,9392,33419,42658,28583,14075,153,42658,5513,42610,30,-5495,153
0500000US72031,"Carolina Municipio, Puerto Rico",155886,71128,84758,15512,55616,15358,69400,30870,125016,155044,86120,68924,842,155044,26483,152997,1158,-25594,842
0500000US72033,"Cataño Municipio, Puerto Rico",23536,11095,12441,2586,8509,2482,9959,5068,18468,23510,16035,7475,26,23510,2235,23268,226,-2219,26
0500000US72035,"Cayey Municipio, Puerto Rico",42134,20188,21946,4197,15991,4247,17699,8444,33690,42102,27415,14687,32,42102,3400,41960,29,-3287,32
0500000US72037,"Ceiba Municipio, Puerto Rico",11463,5454,6009,1247,4207,1050,4959,2297,9166,11401,8332,3069,62,11401,755,11250,76,-680,62
0500000US72039,"Ciales Municipio, Puerto Rico",17045,8255,8790,1753,6502,1846,6944,3599,13446,16890,14645,2245,155,16890,382,16772,118,-382,155
0500000US72041,"Cidra Municipio, Puerto Rico",40125,19376,20749,4371,15005,4235,16514,8606,31519,40012,27884,12128,113,40012,4888,39820,130,-4826,113
0500000US72043,"Coamo Municipio, Puerto Rico",35268,17103,18165,3823,13280,3604,14561,7427,27841,35173,25929,9244,95,35173,6805,35056,106,-6794,95
0500000US72045,"Comerío Municipio, Puerto Rico",18990,9559,9431,2295,7264,1937,7494,4232,14758,18990,15674,3316,0,18990,1703,18956,34,-1703,0
0500000US72047,"Corozal Municipio, Puerto Rico",34631,16726,17905,3967,12759,3787,14118,7754,26877,34408,25175,9233,223,34408,2123,34254,132,-2101,223
0500000US72049,"Culebra Municipio, Puerto Rico",1293,721,572,156,565,95,477,251,1042,1290,1005,285,3,1290,31,1182,73,4,3
0500000US72051,"Dorado Municipio, Puerto Rico",36030,17481,18549,4452,13029,3721,14828,8173,27857,35982,18552,17430,48,35982,3147,34906,1076,-3147,48
0500000US72053,"Fajardo Municipio, Puerto Rico",32336,15044,17292,3458,11586,3369,13923,6827,25509,32214,23699,8515,122,32214,2682,31968,86,-2522,122
0500000US72054,"Florida Municipio, Puerto Rico",11725,5537,6188,1346,4191,1294,4894,2640,9085,11711,9322,2389,14,11711,231,11600,111,-231,14
0500000US72055,"Guánica Municipio, Puerto Rico",14297,7002,7295,1767,5235,1290,6005,3057,11240,14129,12372,1757,168,14129,695,13962,96,-624,168
0500000US72057,"Guayama Municipio, Puerto Rico",37388,18513,18875,4131,14382,3936,14939,8067,29321,34902,26176,8726,2486,34902,4869,34770,56,-4793,2486
0500000US72059,"Guayanilla Municipio, Puerto Rico",18047,8542,9505,1954,6588,2006,7499,3960,14087,17960,14461,3499,87,17960,314,17902,42,-298,87
0500000US72061,"Guaynabo Municipio, Puerto Rico",90014,42294,47720,8166,34128,7843,39877,16009,74005,89669,38726,50943,345,89669,5828,88286,1114,-5559,345
0500000US72063,"Gurabo Municipio, Puerto Rico",41237,19395,21842,4471,14924,4418,17424,8889,32348,41039,21451,19588,198,41039,4622,39664,608,-3855,198
0500000US72065,"Hatillo Municipio, Puerto Rico",38739,18559,20180,3919,14640,3695,16485,7614,31125,38697,26688,12009,42,38697,792,38535,89,-719,42
0500000US72067,"Hormigueros Municipio, Puerto Rico",15726,7233,8493,1429,5804,1340,7153,2769,12957,15663,11001,4662,63,15663,351,15526,104,-318,63
0500000US72069,"Humacao Municipio, Puerto Rico",51398,24226,27172,5250,18976,5120,22052,10370,41028,51152,36175,14977,246,51152,7225,50618,327,-7018,246
0500000US72071,"Isabela Municipio, Puerto Rico",42985,20884,22101,4438,16446,4104,17997,8542,34443,42678,32930,9748,307,42678,2832,41860,300,-2314,307
0500000US72073,"Jayuya Municipio, Puerto Rico",14877,7305,7572,1893,5412,1803,5769,3696,11181,14840,12807,2033,37,14840,445,14657,183,-445,37
0500000US72075,"Juana Díaz Municipio, Puerto Rico",46704,22133,24571,5421,16712,5280,19291,10701,36003,46202,34431,11771,502,46202,3802,46131,63,-3794,502
0500000US72077,"Juncos Municipio, Puerto Rico",37290,17725,19565,4232,13493,4058,15507,8290,29000,37221,25447,11774,69,37221,6984,37014,87,-6864,69
0500000US72079,"Lajas Municipio, Puerto Rico",23407,11149,12258,2185,8964,2347,9911,4532,18875,23366,19271,4095,41,23366,358,22865,302,-159,41
0500000US72081,"Lares Municipio, Puerto Rico",28092,13838,14254,2966,10872,2737,11517,5703,22389,27838,22580,5258,254,27838,502,27631,104,-399,254
0500000US72083,"Las Marías Municipio, Puerto Rico",8896,4373,4523,985,3388,997,3526,1982,6914,8804,7081,1723,92,8804,64,8737,29,-26,92
0500000US72085,"Las Piedras Municipio, Puerto Rico",35495,17048,18447,3935,13113,3591,14856,7526,27969,35435,24446,10989,60,35435,18078,35331,9,-17983,60
0500000US72087,"Loíza Municipio, Puerto Rico",24216,11253,12963,2668,8585,2690,10273,5358,18858,24168,17982,6186,48,24168,8953,24116,20,-8921,48
0500000US72089,"Luquillo Municipio, Puerto Rico",17917,8471,9446,1908,6563,1788,7658,3696,14221,17881,13395,4486,36,17881,1362,17748,124,-1353,36
0500000US72091,"Manatí Municipio, Puerto Rico",39693,18602,21091,4294,14308,4072,17019,8366,31327,39524,28085,11439,169,39524,1242,38664,598,-980,169
0500000US72093,"Maricao Municipio, Puerto Rico",5389,2577,2812,514,2063,617,2195,1131,4258,5389,4438,951,0,5389,26,5348,41,-26,0
0500000US72095,"Maunabo Municipio, Puerto Rico",10700,5225,5475,1117,4108,1105,4370,2222,8478,10695,8659,2036,5,10695,5579,10653,42,-5579,5
0500000US72097,"Mayagüez Municipio, Puerto Rico",74146,35395,38751,7889,27506,7422,31329,15311,58835,73200,55321,17879,946,73200,2065,72616,431,-1912,946
0500000US72099,"Moca Municipio, Puerto Rico",37532,18300,19232,4125,14175,3982,15250,8107,29425,37421,27442,9979,111,37421,1526,37188,105,-1398,111
0500000US72101,"Morovis Municipio, Puerto Rico",29069,14415,14654,3301,11114,3076,11578,6377,22692,29009,21918,7091,60,29009,1177,28903,88,-1159,60
0500000US72103,"Naguabo Municipio, Puerto Rico",23722,11184,12538,2929,8255,2652,9886,5581,18141,23598,19929,3669,124,23598,374,23372,157,-305,124
0500000US72105,"Naranjito Municipio, Puerto Rico",29200,14762,14438,3547,11215,2618,11820,6165,23035,29127,21519,7608,73,29127,2079,29116,1,-2069,73
0500000US72107,"Orocovis Municipio, Puerto Rico",21510,10749,10761,2548,8201,2305,8456,4853,16657,21364,17743,3621,146,21364,959,21215,119,-929,146
0500000US72109,"Patillas Municipio, Puerto Rico",16231,7793,8438,1593,6200,1646,6792,3239,12992,16231,12724,3507,0,16231,8917,16231,0,-8917,0
0500000US72111,"Peñuelas Municipio, Puerto Rico",20625,9967,10658,2488,7479,2478,8180,4966,15659,20593,16438,4155,32,20593,542,20404,89,-442,32
0500000US72113,"Ponce Municipio, Puerto Rico",139245,66580,72665,15276,51304,14681,57984,29957,109288,136213,100840,35373,3032,136213,8031,135384,491,-7693,3032
0500000US72115,"Quebradillas Municipio, Puerto Rico",23743,11339,12404,2415,8924,2524,9880,4939,18804,23698,17843,5855,45,23698,651,23298,309,-560,45
0500000US72117,"Rincón Municipio, Puerto Rico",15097,7040,8057,1164,5876,1530,6527,2694,12403,15058,10166,4892,39,15058,213,13883,963,-1,39
0500000US72119,"Río Grande Municipio, Puerto Rico",47630,22851,24779,4928,17923,4727,20052,9655,37975,47075,31428,15647,555,47075,5985,46720,192,-5822,555
0500000US72121,"Sabana Grande Municipio, Puerto Rico",22860,10419,12441,2425,7994,2709,9732,5134,17726,22734,16581,6153,126,22734,354,22551,158,-329,126
0500000US72123,"Salinas Municipio, Puerto Rico",26208,12681,13527,3149,9532,2876,10651,6025,20183,26100,20374,5726,108,26100,7245,25970,34,-7149,108
0500000US72125,"San Germán Municipio, Puerto Rico",32031,15570,16461,3412,12158,3153,13308,6565,25466,31460,24975,6485,571,31460,399,31119,314,-372,571
0500000US72127,"San Juan Municipio, Puerto Rico",344791,157746,187045,33638,124108,33566,153479,67204,277587,339598,206242,133356,5193,339598,42113,333224,4583,-40322,5193
0500000US72129,"San Lorenzo Municipio, Puerto Rico",37822,18368,19454,3895,14473,3775,15679,7670,30152,37738,28554,9184,84,37738,11688,37608,10,-11568,84
0500000US72131,"San Sebastián Municipio, Puerto Rico",39351,19080,20271,4088,14992,3904,16367,7992,31359,39218,30461,8757,133,39218,1276,37642,1204,-904,133
0500000US72133,"Santa Isabel Municipio, Puerto Rico",20530,9869,10661,2410,7459,2358,8303,4768,15762,20530,15162,5368,0,20530,5140,20515,0,-5125,0
0500000US72135,"Toa Alta Municipio, Puerto Rico",67602,32369,35233,7504,24865,7289,27944,14793,52809,67418,40163,27255,184,67418,4144,66678,571,-3975,184
0500000US72137,"Toa Baja Municipio, Puerto Rico",76248,35513,40735,7997,27516,7847,32888,15844,60404,75853,47323,28530,395,75853,7294,75127,616,-7184,395
0500000US72139,"Trujillo Alto Municipio, Puerto Rico",68001,31859,36142,7312,24547,6744,29398,14056,53945,67674,35695,31979,327,67674,8448,67224,407,-8405,327
0500000US72141,"Utuado Municipio, Puerto Rico",28585,13845,14740,3017,10828,2931,11809,5948,22637,28521,23041,5480,64,28521,365,28135,248,-227,64
0500000US72143,"Vega Alta Municipio, Puerto Rico",35728,17128,18600,4061,13067,3940,14660,8001,27727,35352,24523,10829,376,35352,3057,35075,117,-2897,376
0500000US72145,"Vega Baja Municipio, Puerto Rico",54544,26057,28487,5833,20224,5523,22964,11356,43188,54242,37868,16374,302,54242,2409,53011,1091,-2269,302
0500000US72147,"Vieques Municipio, Puerto Rico",8317,4239,4078,835,3404,926,3152,1761,6556,8317,7175,1142,0,8317,629,7662,509,-483,0
0500000US72149,"Villalba Municipio, Puerto Rico",22341,10796,11545,2690,8106,2495,9050,5185,17156,22207,17013,5194,134,22207,1780,22127,50,-1750,134
0500000US72151,"Yabucoa Municipio, Puerto Rico",31047,15000,16047,3254,11746,3061,12986,6315,24732,31042,23864,7178,5,31042,16118,31004,27,-16107,5
0500000US72153,"Yauco Municipio, Puerto Rico",34704,16548,18156,3603,12945,3341,14815,6944,27760,34557,26649,7908,147,34557,1276,34194,153,-1066,147
